% 2016îN 7åé 27ì˙ 15éû 16ï™ 30.055000ïb é¿çs
%------------------------------------------------------------------------------------------------------------------------------
Observation File :  03383650.15o
Ephemeris   File :  03383650.15n
IONEX       File :  Nothing
IGS SP3     File :  Nothing
START       TIME :  2015/12/31 22: 0: 0
END         TIME :  2015/12/31 23: 7:30
Ref. Position[m] :  X = -3755383.2183,  Y = 3675126.8517,  Z = 3603381.8586

%-------------------------------------------------------------------------------------------------------------------------------
% Epoch  WEEK      ToW     ToD     X_float[m]     Y_float[m]     Z_float[m]    E_float[m]   N_float[m]   U_float[m] 
%-------------------------------------------------------------------------------------------------------------------------------
      1  1877    424800   79200  -3762367.9679   3680868.1155   3590465.4681       0.0010      -0.3426       0.7895
      2  1877    424830   79230  -3762367.3680   3680867.6659   3590465.0673      -0.0972      -0.2523      -0.0501
      3  1877    424860   79260  -3762367.4338   3680867.7647   3590465.1087      -0.1218      -0.2839       0.0691
      4  1877    424890   79290  -3762366.7874   3680867.1633   3590464.7264      -0.1440      -0.0994      -0.8749
      5  1877    424920   79320  -3762366.6318   3680866.9618   3590464.6656      -0.1087      -0.0068      -1.1171
      6  1877    424950   79350  -3762366.5141   3680866.8790   3590464.6221      -0.1319       0.0378      -1.2589
      7  1877    424980   79380  -3762366.9218   3680867.2468   3590465.0316      -0.1097       0.0647      -0.5748
      8  1877    425010   79410  -3762367.1462   3680867.5797   3590465.2629      -0.1907       0.0328      -0.1197
      9  1877    425040   79440  -3762366.7846   3680867.2558   3590465.1712      -0.2120       0.2319      -0.5714
     10  1877    425070   79470  -3762366.6594   3680867.0406   3590464.9967      -0.1458       0.2238      -0.8680
     11  1877    425100   79500  -3762366.5367   3680866.7290   3590464.8879      -0.0089       0.3072      -1.1816
     12  1877    425130   79530  -3762366.7481   3680866.7817   3590464.9876       0.1013       0.2829      -0.9701
     13  1877    425160   79560  -3762366.7466   3680866.5196   3590465.0450       0.2876       0.4346      -1.0897
     14  1877    425190   79590  -3762366.8617   3680866.4590   3590465.1704       0.4114       0.5154      -0.9858
     15  1877    425220   79620  -3762366.9926   3680866.6731   3590465.2511       0.3500       0.4442      -0.7396
     16  1877    425250   79650  -3762367.2237   3680867.0782   3590465.3606       0.2220       0.2806      -0.3079
     17  1877    425280   79680  -3762367.3966   3680867.3475   3590465.4042       0.1504       0.1399      -0.0261
     18  1877    425310   79710  -3762367.5680   3680867.3995   3590465.3996       0.2331       0.0462       0.1023
     19  1877    425340   79740  -3762367.6142   3680867.2004   3590465.3614       0.4077       0.0748      -0.0068
     20  1877    425370   79770  -3762367.6888   3680867.1000   3590465.4231       0.5316       0.1352       0.0142
     21  1877    425400   79800  -3762367.7448   3680866.9025   3590465.4951       0.7120       0.2501      -0.0260
     22  1877    425430   79830  -3762367.7576   3680866.8332   3590465.5551       0.7704       0.3218      -0.0243
     23  1877    425460   79860  -3762367.7410   3680866.7701   3590465.5589       0.8039       0.3567      -0.0684
     24  1877    425490   79890  -3762367.6679   3680866.7773   3590465.5849       0.7477       0.4048      -0.0926
     25  1877    425520   79920  -3762367.6819   3680866.7839   3590465.6417       0.7527       0.4434      -0.0484
     26  1877    425550   79950  -3762367.5726   3680866.8648   3590465.6402       0.6184       0.4544      -0.0670
     27  1877    425580   79980  -3762367.5096   3680866.9550   3590465.6539       0.5100       0.4554      -0.0443
     28  1877    425610   80010  -3762367.4311   3680867.0057   3590465.6102       0.4188       0.4311      -0.0862
     29  1877    425640   80040  -3762367.5013   3680867.1016   3590465.6543       0.3994       0.4010       0.0355
     30  1877    425670   80070  -3762367.5728   3680867.1159   3590465.6441       0.4391       0.3581       0.0800
     31  1877    425700   80100  -3762367.6213   3680867.1396   3590465.6598       0.4561       0.3420       0.1312
     32  1877    425730   80130  -3762367.6541   3680867.0150   3590465.6507       0.5681       0.3706       0.0736
     33  1877    425760   80160  -3762367.7096   3680866.8469   3590465.6374       0.7271       0.4037       0.0018
     34  1877    425790   80190  -3762367.7178   3680866.8252   3590465.6336       0.7484       0.4058      -0.0080
     35  1877    425820   80220  -3762367.6775   3680866.8318   3590465.5756       0.7154       0.3717      -0.0608
     36  1877    425850   80250  -3762367.5474   3680866.8879   3590465.5134       0.5844       0.3509      -0.1403
     37  1877    425880   80280  -3762367.5239   3680866.9922   3590465.5224       0.4934       0.3265      -0.0889
     38  1877    425910   80310  -3762367.4742   3680867.1186   3590465.5371       0.3683       0.3087      -0.0370
     39  1877    425940   80340  -3762367.5840   3680867.1958   3590465.5858       0.3899       0.2739       0.0997
     40  1877    425970   80370  -3762367.6273   3680867.0742   3590465.5406       0.5071       0.2672       0.0296
     41  1877    426000   80400  -3762367.6533   3680866.9270   3590465.4970       0.6305       0.2790      -0.0646
     42  1877    426030   80430  -3762367.6640   3680866.8825   3590465.4766       0.6698       0.2754      -0.0955
     43  1877    426060   80460  -3762367.6730   3680866.8964   3590465.4910       0.6661       0.2782      -0.0740
     44  1877    426090   80490  -3762367.6256   3680866.8649   3590465.4943       0.6555       0.3126      -0.1183
     45  1877    426120   80520  -3762367.5306   3680866.8788   3590465.4890       0.5791       0.3412      -0.1692
     46  1877    426150   80550  -3762367.5108   3680867.0076   3590465.4990       0.4732       0.3065      -0.1010
     47  1877    426180   80580  -3762367.5366   3680867.1623   3590465.4875       0.3807       0.2253      -0.0032
     48  1877    426210   80610  -3762367.6466   3680867.2976   3590465.5198       0.3609       0.1538       0.1579
     49  1877    426240   80640  -3762367.6239   3680867.3354   3590465.4866       0.3180       0.1207       0.1476
     50  1877    426270   80670  -3762367.6530   3680867.3742   3590465.5091       0.3106       0.1121       0.1998
     51  1877    426300   80700  -3762367.5858   3680867.3397   3590465.4458       0.2883       0.1008       0.1045
     52  1877    426330   80730  -3762367.6083   3680867.3748   3590465.4702       0.2789       0.0979       0.1518
     53  1877    426360   80760  -3762367.5863   3680867.4758   3590465.4702       0.1913       0.0668       0.1971
     54  1877    426390   80790  -3762367.5977   3680867.6101   3590465.4790       0.1033       0.0163       0.2862
     55  1877    426420   80820  -3762367.5689   3680867.6198   3590465.4200       0.0762      -0.0246       0.2414
     56  1877    426450   80850  -3762367.4645   3680867.5711   3590465.3414       0.0380      -0.0278       0.1073
     57  1877    426480   80880  -3762367.3429   3680867.5446   3590465.3011      -0.0280      -0.0014      -0.0025
     58  1877    426510   80910  -3762367.3088   3680867.6411   3590465.3254      -0.1209      -0.0058       0.0469
     59  1877    426540   80940  -3762367.3596   3680867.6834   3590465.3720      -0.1156      -0.0046       0.1276
     60  1877    426570   80970  -3762367.4680   3680867.7045   3590465.4513      -0.0549       0.0085       0.2485
     61  1877    426600   81000  -3762367.5056   3680867.7460   3590465.4683      -0.0582      -0.0091       0.3042
     62  1877    426630   81030  -3762367.4751   3680867.8013   3590465.4047      -0.1191      -0.0711       0.2821
     63  1877    426660   81060  -3762367.3710   3680867.7158   3590465.3102      -0.1308      -0.0730       0.1180
     64  1877    426690   81090  -3762367.3389   3680867.6667   3590465.3110      -0.1182      -0.0400       0.0712
     65  1877    426720   81120  -3762367.3009   3680867.6487   3590465.3594      -0.1318       0.0225       0.0659
     66  1877    426750   81150  -3762367.3117   3680867.7842   3590465.4134      -0.2212       0.0089       0.1808
     67  1877    426780   81180  -3762367.2802   3680867.7978   3590465.3807      -0.2529      -0.0106       0.1517
     68  1877    426810   81210  -3762367.3686   3680867.8125   3590465.4082      -0.2015      -0.0295       0.2278
     69  1877    426840   81240  -3762367.3727   3680867.7916   3590465.4164      -0.1838      -0.0161       0.2228
     70  1877    426870   81270  -3762367.3847   3680867.7817   3590465.4105      -0.1683      -0.0220       0.2208
     71  1877    426900   81300  -3762367.3450   3680867.7849   3590465.3756      -0.1983      -0.0359       0.1795
     72  1877    426930   81330  -3762367.3184   3680867.8805   3590465.3714      -0.2852      -0.0665       0.2166
     73  1877    426960   81360  -3762367.2957   3680867.9192   3590465.3620      -0.3289      -0.0803       0.2202
     74  1877    426990   81390  -3762367.2787   3680867.9290   3590465.3601      -0.3477      -0.0790       0.2148
     75  1877    427020   81420  -3762367.2848   3680867.9135   3590465.3676      -0.3324      -0.0690       0.2137
     76  1877    427050   81450  -3762367.2301   3680867.9005   3590465.3566      -0.3613      -0.0509       0.1677
     77  1877    427080   81480  -3762367.1962   3680867.9150   3590465.3726      -0.3954      -0.0298       0.1651
     78  1877    427110   81510  -3762367.1983   3680867.9328   3590465.3780      -0.4067      -0.0331       0.1796
     79  1877    427140   81540  -3762367.3100   3680868.0060   3590465.4256      -0.3809      -0.0681       0.3147
     80  1877    427170   81570  -3762367.3638   3680868.0446   3590465.4732      -0.3708      -0.0659       0.3955
     81  1877    427200   81600  -3762367.4192   3680868.0529   3590465.4951      -0.3380      -0.0735       0.4454
     82  1877    427230   81630  -3762367.3652   3680868.0143   3590465.4510      -0.3482      -0.0728       0.3663
     83  1877    427260   81660  -3762367.3241   3680867.9525   3590465.3850      -0.3327      -0.0861       0.2691
     84  1877    427290   81690  -3762367.2943   3680867.9128   3590465.3661      -0.3253      -0.0739       0.2180
     85  1877    427320   81720  -3762367.3294   3680867.9228   3590465.3893      -0.3079      -0.0730       0.2576
     86  1877    427350   81750  -3762367.3607   3680867.9778   3590465.4351      -0.3252      -0.0696       0.3337
     87  1877    427380   81780  -3762367.3254   3680867.9833   3590465.3973      -0.3539      -0.0887       0.2946
     88  1877    427410   81810  -3762367.2947   3680867.9761   3590465.3816      -0.3702      -0.0864       0.2635
     89  1877    427440   81840  -3762367.2459   3680867.9395   3590465.3442      -0.3782      -0.0830       0.1925
     90  1877    427470   81870  -3762367.2233   3680867.9309   3590465.3416      -0.3879      -0.0725       0.1727
     91  1877    427500   81900  -3762367.2999   3680867.9592   3590465.3840      -0.3545      -0.0798       0.2582
     92  1877    427530   81930  -3762367.2591   3680867.9778   3590465.3895      -0.3963      -0.0662       0.2480
     93  1877    427560   81960  -3762367.2493   3680868.0059   3590465.3833      -0.4233      -0.0784       0.2549
     94  1877    427590   81990  -3762367.1619   3680867.9957   3590465.3463      -0.4771      -0.0695       0.1765
     95  1877    427620   82020  -3762367.2082   3680868.0090   3590465.3572      -0.4542      -0.0844       0.2177
     96  1877    427650   82050  -3762367.2293   3680868.0435   3590465.4095      -0.4641      -0.0635       0.2796
     97  1877    427680   82080  -3762367.2276   3680868.1087   3590465.4294      -0.5119      -0.0722       0.3274
     98  1877    427710   82110  -3762367.2432   3680868.1752   3590465.4541      -0.5485      -0.0846       0.3889
     99  1877    427740   82140  -3762367.2090   3680868.1588   3590465.4259      -0.5608      -0.0874       0.3434
    100  1877    427770   82170  -3762367.1958   3680868.2094   3590465.4620      -0.6061      -0.0724       0.3852
    101  1877    427800   82200  -3762367.1236   3680868.2110   3590465.4306      -0.6578      -0.0697       0.3258
    102  1877    427830   82230  -3762367.0758   3680868.2246   3590465.3926      -0.7009      -0.0870       0.2839
    103  1877    427860   82260  -3762367.0772   3680868.2008   3590465.3447      -0.6829      -0.1177       0.2440
    104  1877    427890   82290  -3762367.1564   3680868.2155   3590465.3735      -0.6380      -0.1318       0.3154
    105  1877    427920   82320  -3762367.2590   3680868.2560   3590465.4476      -0.5952      -0.1283       0.4412
    106  1877    427950   82350  -3762367.2753   3680868.2599   3590465.4656      -0.5866      -0.1216       0.4632
    107  1877    427980   82380  -3762367.2131   3680868.2436   3590465.4490      -0.6185      -0.1036       0.4078
    108  1877    428010   82410  -3762367.1244   3680868.2543   3590465.4402      -0.6881      -0.0792       0.3567
    109  1877    428040   82440  -3762367.1633   3680868.2731   3590465.5234      -0.6744      -0.0338       0.4376
    110  1877    428070   82470  -3762367.1616   3680868.3134   3590465.5299      -0.7043      -0.0438       0.4634
    111  1877    428100   82500  -3762366.9724   3680868.2390   3590465.3238      -0.7835      -0.1076       0.1924
    112  1877    428130   82530  -3762366.7811   3680868.1776   3590465.1662      -0.8734      -0.1358      -0.0449
    113  1877    428160   82560  -3762366.8215   3680868.2638   3590465.2073      -0.9067      -0.1524       0.0518
    114  1877    428190   82590  -3762367.0767   3680868.3767   3590465.4682      -0.8090      -0.0853       0.4149
    115  1877    428220   82620  -3762367.2388   3680868.4587   3590465.6075      -0.7543      -0.0686       0.6367
    116  1877    428250   82650  -3762367.3923   3680868.4956   3590465.7765      -0.6733      -0.0059       0.8440
    117  1877    428280   82680  -3762367.3281   3680868.5195   3590465.6804      -0.7353      -0.0686       0.7655
    118  1877    428310   82710  -3762367.4420   3680868.5211   3590465.8266      -0.6567       0.0051       0.9164
    119  1877    428340   82740  -3762367.4338   3680868.4933   3590465.8622      -0.6426       0.0488       0.9157
    120  1877    428370   82770  -3762367.4555   3680868.4476   3590465.9232      -0.5948       0.1084       0.9367
    121  1877    428400   82800  -3762367.1878   3680868.3375   3590465.6258      -0.7033       0.0152       0.5471
    122  1877    428430   82830  -3762366.9516   3680868.2413   3590465.3875      -0.7997      -0.0476       0.2175
    123  1877    428460   82860  -3762366.9055   3680868.2404   3590465.3318      -0.8313      -0.0745       0.1583
    124  1877    428490   82890  -3762367.1089   3680868.3578   3590465.5507      -0.7730      -0.0229       0.4698
    125  1877    428520   82920  -3762367.1139   3680868.3868   3590465.5612      -0.7902      -0.0277       0.4954
    126  1877    428550   82950  -3762367.0655   3680868.3982   3590465.5050      -0.8323      -0.0589       0.4416
    127  1877    428580   82980  -3762367.2040   3680868.4191   3590465.6573      -0.7503       0.0023       0.6215
    128  1877    428610   83010  -3762367.1822   3680868.3052   3590465.6973      -0.6841       0.0891       0.5657
    129  1877    428640   83040  -3762367.2114   3680868.2531   3590465.7633      -0.6264       0.1524       0.5902
    130  1877    428670   83070  -3762366.9532   3680868.1734   3590465.4744      -0.7501       0.0502       0.2285
    131  1877    428700   83100  -3762366.7615   3680868.1946   3590465.2385      -0.8993      -0.0750      -0.0057
    132  1877    428730   83130  -3762366.8997   3680868.2458   3590465.3700      -0.8392      -0.0428       0.1796
    133  1877    428760   83160  -3762367.2928   3680868.3697   3590465.7736      -0.6529       0.0818       0.7112
