% 2016îN 10åé 13ì˙ 15éû 49ï™ 33.245000ïb é¿çs
%------------------------------------------------------------------------------------------------------------------------------
Observation File :  03383650.15o
Ephemeris   File :  03383650.15n
IONEX       File :  igrg3650.15i
IGS SP3     File :  Nothing
START       TIME :  2015/12/31 10: 0: 0
END         TIME :  2015/12/31 11: 7:30
Ref. Position[m] :  X = -3762367.3634,  Y = 3680867.5254,  Z = 3590465.3036
True Position[m] :  X = -3762367.3634,  Y = 3680867.5254,  Z = 3590465.3036
True Baseline[m] :        0.0000

%-------------------------------------------------------------------------------------------------------------------------------
% Epoch  WEEK      ToW     ToD     X_float[m]     Y_float[m]     Z_float[m]    E_float[m]   N_float[m]   U_float[m] 
%-------------------------------------------------------------------------------------------------------------------------------
      1  1877    381630   36030  -3762367.3149   3680867.0831   3590465.1458       0.2823       0.0646      -0.3729
      2  1877    381660   36060  -3762368.2799   3680868.0626   3590465.6777       0.2569      -0.2751       1.0615
      3  1877    381690   36090  -3762368.0083   3680868.3241   3590466.1182      -0.1199       0.0943       1.3016
      4  1877    381720   36120  -3762367.4053   3680867.6840   3590465.7475      -0.0841       0.2861       0.3674
      5  1877    381750   36150  -3762367.0711   3680867.3773   3590465.2884      -0.0985       0.1643      -0.2662
      6  1877    381780   36180  -3762367.4238   3680867.6286   3590465.3402      -0.0316      -0.0351       0.1158
      7  1877    381810   36210  -3762367.4606   3680867.5847   3590465.1795       0.0256      -0.1651       0.0212
      8  1877    381840   36240  -3762367.5841   3680867.7361   3590465.5066       0.0037      -0.0054       0.3664
      9  1877    381870   36270  -3762367.3187   3680867.5299   3590465.4792      -0.0345       0.1610       0.0756
     10  1877    381900   36300  -3762367.0108   3680867.2576   3590465.3524      -0.0551       0.2889      -0.3345
     11  1877    381930   36330  -3762366.7803   3680867.1014   3590465.2085      -0.1047       0.3254      -0.6418
     12  1877    381960   36360  -3762366.8873   3680867.1783   3590465.2352      -0.0849       0.2737      -0.5194
     13  1877    381990   36390  -3762366.9196   3680867.1840   3590465.1132      -0.0663       0.1578      -0.5661
     14  1877    382020   36420  -3762366.8554   3680867.1484   3590464.9876      -0.0858       0.0944      -0.6955
     15  1877    382050   36450  -3762367.1821   3680867.3972   3590465.0950      -0.0352      -0.0479      -0.2988
     16  1877    382080   36480  -3762367.2657   3680867.4527   3590465.1327      -0.0163      -0.0726      -0.1962
     17  1877    382110   36510  -3762367.3143   3680867.5345   3590465.2849      -0.0408       0.0009      -0.0342
     18  1877    382140   36540  -3762367.3112   3680867.5556   3590465.3510      -0.0581       0.0482       0.0134
     19  1877    382170   36570  -3762367.4006   3680867.6286   3590465.4157      -0.0478       0.0365       0.1448
     20  1877    382200   36600  -3762367.4175   3680867.6454   3590465.4257      -0.0480       0.0313       0.1702
     21  1877    382230   36630  -3762367.4576   3680867.6675   3590465.5020      -0.0357       0.0692       0.2497
     22  1877    382260   36660  -3762367.5445   3680867.7912   3590465.6239      -0.0634       0.0855       0.4413
     23  1877    382290   36690  -3762367.4315   3680867.6716   3590465.5325      -0.0569       0.1033       0.2540
     24  1877    382320   36720  -3762367.5295   3680867.8023   3590465.6395      -0.0818       0.1000       0.4476
     25  1877    382350   36750  -3762367.5449   3680867.8561   3590465.6967      -0.1095       0.1197       0.5201
     26  1877    382380   36780  -3762367.5900   3680867.9621   3590465.7856      -0.1537       0.1327       0.6582
     27  1877    382410   36810  -3762367.5807   3680867.9384   3590465.7017      -0.1433       0.0767       0.5915
     28  1877    382440   36840  -3762367.6569   3680868.0154   3590465.7532      -0.1450       0.0579       0.7100
     29  1877    382470   36870  -3762367.7053   3680868.0760   3590465.8121      -0.1544       0.0629       0.8067
     30  1877    382500   36900  -3762367.6937   3680868.0600   3590465.8558      -0.1512       0.1099       0.8154
     31  1877    382530   36930  -3762367.6562   3680868.0170   3590465.8505      -0.1467       0.1378       0.7655
     32  1877    382560   36960  -3762367.6091   3680867.9580   3590465.7915      -0.1374       0.1315       0.6703
     33  1877    382590   36990  -3762367.6141   3680867.9298   3590465.7612      -0.1137       0.1157       0.6399
     34  1877    382620   37020  -3762367.6043   3680867.9242   3590465.7608      -0.1166       0.1215       0.6307
     35  1877    382650   37050  -3762367.5788   3680867.8878   3590465.7055      -0.1084       0.1006       0.5633
     36  1877    382680   37080  -3762367.5816   3680867.8989   3590465.7144      -0.1144       0.1025       0.5764
     37  1877    382710   37110  -3762367.5817   3680867.8887   3590465.7077      -0.1070       0.1009       0.5668
     38  1877    382740   37140  -3762367.5815   3680867.8843   3590465.7040      -0.1040       0.0997       0.5621
     39  1877    382770   37170  -3762367.5812   3680867.8799   3590465.7027      -0.1011       0.1005       0.5586
     40  1877    382800   37200  -3762367.5835   3680867.8655   3590465.6907      -0.0891       0.0953       0.5449
     41  1877    382830   37230  -3762367.5877   3680867.8537   3590465.6803      -0.0778       0.0897       0.5347
     42  1877    382860   37260  -3762367.5918   3680867.8598   3590465.6852      -0.0793       0.0897       0.5433
     43  1877    382890   37290  -3762367.5933   3680867.8707   3590465.6926      -0.0861       0.0909       0.5548
     44  1877    382920   37320  -3762367.5915   3680867.8870   3590465.7021      -0.0989       0.0930       0.5684
     45  1877    382950   37350  -3762367.5798   3680867.8741   3590465.6893      -0.0979       0.0924       0.5469
     46  1877    382980   37380  -3762367.5786   3680867.8742   3590465.6943      -0.0988       0.0969       0.5490
     47  1877    383010   37410  -3762367.5698   3680867.8747   3590465.6984      -0.1053       0.1037       0.5465
     48  1877    383040   37440  -3762367.5692   3680867.8778   3590465.7084      -0.1080       0.1109       0.5536
     49  1877    383070   37470  -3762367.5844   3680867.8697   3590465.7080      -0.0916       0.1076       0.5577
     50  1877    383100   37500  -3762367.5969   3680867.8711   3590465.7103      -0.0839       0.1039       0.5671
     51  1877    383130   37530  -3762367.5935   3680867.8682   3590465.7090      -0.0841       0.1053       0.5627
     52  1877    383160   37560  -3762367.5815   3680867.8629   3590465.7012      -0.0887       0.1059       0.5482
     53  1877    383190   37590  -3762367.5805   3680867.8541   3590465.6921      -0.0832       0.1022       0.5373
     54  1877    383220   37620  -3762367.5686   3680867.8445   3590465.6809      -0.0846       0.1017       0.5184
     55  1877    383250   37650  -3762367.5702   3680867.8306   3590465.6701      -0.0735       0.0976       0.5053
     56  1877    383280   37680  -3762367.5680   3680867.8279   3590465.6683      -0.0732       0.0981       0.5014
     57  1877    383310   37710  -3762367.5647   3680867.8183   3590465.6584      -0.0686       0.0950       0.4883
     58  1877    383340   37740  -3762367.5732   3680867.8369   3590465.6802      -0.0759       0.1022       0.5164
     59  1877    383370   37770  -3762367.5774   3680867.8280   3590465.6727      -0.0666       0.0978       0.5095
     60  1877    383400   37800  -3762367.5631   3680867.8311   3590465.6734      -0.0788       0.1030       0.5033
     61  1877    383430   37830  -3762367.5552   3680867.7998   3590465.6501      -0.0620       0.0994       0.4674
     62  1877    383460   37860  -3762367.5542   3680867.7956   3590465.6499      -0.0597       0.1013       0.4642
     63  1877    383490   37890  -3762367.5470   3680867.7945   3590465.6477      -0.0640       0.1028       0.4581
     64  1877    383520   37920  -3762367.5378   3680867.8128   3590465.6513      -0.0834       0.1023       0.4653
     65  1877    383550   37950  -3762367.5408   3680867.8076   3590465.6459      -0.0776       0.0987       0.4609
     66  1877    383580   37980  -3762367.5427   3680867.8067   3590465.6494      -0.0757       0.1011       0.4636
     67  1877    383610   38010  -3762367.5659   3680867.8319   3590465.6725      -0.0775       0.1008       0.5048
     68  1877    383640   38040  -3762367.5704   3680867.8286   3590465.6639      -0.0719       0.0932       0.5008
     69  1877    383670   38070  -3762367.5761   3680867.8260   3590465.6537      -0.0661       0.0835       0.4969
     70  1877    383700   38100  -3762367.5752   3680867.8347   3590465.6668      -0.0730       0.0912       0.5087
     71  1877    383730   38130  -3762367.5714   3680867.8316   3590465.6596      -0.0734       0.0880       0.5006
     72  1877    383760   38160  -3762367.5656   3680867.8234   3590465.6597      -0.0716       0.0937       0.4925
     73  1877    383790   38190  -3762367.5547   3680867.8055   3590465.6414      -0.0664       0.0902       0.4655
     74  1877    383820   38220  -3762367.5559   3680867.7910   3590465.6286      -0.0552       0.0849       0.4505
     75  1877    383850   38250  -3762367.5408   3680867.7717   3590465.6072      -0.0520       0.0809       0.4184
     76  1877    383880   38280  -3762367.5272   3680867.7585   3590465.6050      -0.0521       0.0899       0.4015
     77  1877    383910   38310  -3762367.5276   3680867.7503   3590465.6045      -0.0459       0.0925       0.3968
     78  1877    383940   38340  -3762367.5265   3680867.7496   3590465.6047      -0.0462       0.0934       0.3958
     79  1877    383970   38370  -3762367.5243   3680867.7472   3590465.6021      -0.0460       0.0932       0.3917
     80  1877    384000   38400  -3762367.5267   3680867.7423   3590465.5876      -0.0408       0.0821       0.3820
     81  1877    384030   38430  -3762367.5270   3680867.7408   3590465.5850      -0.0395       0.0805       0.3799
     82  1877    384060   38460  -3762367.5171   3680867.7597   3590465.5994      -0.0600       0.0889       0.3930
     83  1877    384090   38490  -3762367.5186   3680867.7470   3590465.5877      -0.0499       0.0837       0.3800
     84  1877    384120   38520  -3762367.5146   3680867.7371   3590465.5717      -0.0456       0.0760       0.3629
     85  1877    384150   38550  -3762367.5091   3680867.7309   3590465.5581      -0.0450       0.0695       0.3484
     86  1877    384180   38580  -3762367.5125   3680867.7240   3590465.5525      -0.0377       0.0662       0.3433
     87  1877    384210   38610  -3762367.5121   3680867.7200   3590465.5449      -0.0351       0.0617       0.3364
     88  1877    384240   38640  -3762367.5098   3680867.7276   3590465.5525      -0.0422       0.0659       0.3437
     89  1877    384270   38670  -3762367.5094   3680867.7185   3590465.5430      -0.0359       0.0618       0.3329
     90  1877    384300   38700  -3762367.5097   3680867.7146   3590465.5377      -0.0330       0.0589       0.3278
     91  1877    384330   38730  -3762367.5028   3680867.7119   3590465.5327      -0.0359       0.0586       0.3194
     92  1877    384360   38760  -3762367.5009   3680867.7149   3590465.5359      -0.0393       0.0609       0.3218
     93  1877    384390   38790  -3762367.5020   3680867.7025   3590465.5282      -0.0297       0.0590       0.3109
     94  1877    384420   38820  -3762367.4949   3680867.7098   3590465.5289      -0.0399       0.0595       0.3114
     95  1877    384450   38850  -3762367.4947   3680867.7081   3590465.5264      -0.0388       0.0582       0.3089
     96  1877    384480   38880  -3762367.4947   3680867.7120   3590465.5278      -0.0416       0.0579       0.3118
     97  1877    384510   38910  -3762367.4952   3680867.7151   3590465.5310      -0.0434       0.0590       0.3157
     98  1877    384540   38940  -3762367.4941   3680867.7118   3590465.5264      -0.0419       0.0570       0.3106
     99  1877    384570   38970  -3762367.4920   3680867.7060   3590465.5217      -0.0391       0.0562       0.3034
    100  1877    384600   39000  -3762367.4905   3680867.7009   3590465.5174      -0.0366       0.0553       0.2971
    101  1877    384630   39030  -3762367.4912   3680867.7016   3590465.5201      -0.0366       0.0570       0.2995
    102  1877    384660   39060  -3762367.4923   3680867.6880   3590465.5089      -0.0261       0.0527       0.2859
    103  1877    384690   39090  -3762367.4981   3680867.6814   3590465.5084      -0.0173       0.0526       0.2853
    104  1877    384720   39120  -3762367.5017   3680867.6985   3590465.5238      -0.0270       0.0571       0.3059
    105  1877    384750   39150  -3762367.5020   3680867.6970   3590465.5234      -0.0257       0.0571       0.3050
    106  1877    384780   39180  -3762367.5082   3680867.6863   3590465.5173      -0.0137       0.0539       0.2991
    107  1877    384810   39210  -3762367.5046   3680867.6758   3590465.5021      -0.0087       0.0469       0.2823
    108  1877    384840   39240  -3762367.5038   3680867.6945   3590465.5141      -0.0227       0.0498       0.2994
    109  1877    384870   39270  -3762367.5026   3680867.6883   3590465.5071      -0.0191       0.0470       0.2911
    110  1877    384900   39300  -3762367.4991   3680867.6908   3590465.5061      -0.0233       0.0466       0.2900
    111  1877    384930   39330  -3762367.4996   3680867.6999   3590465.5142      -0.0294       0.0494       0.3001
    112  1877    384960   39360  -3762367.4988   3680867.6934   3590465.5085      -0.0254       0.0476       0.2927
    113  1877    384990   39390  -3762367.4986   3680867.6915   3590465.5067      -0.0242       0.0470       0.2903
    114  1877    385020   39420  -3762367.4994   3680867.6898   3590465.5061      -0.0224       0.0468       0.2895
    115  1877    385050   39450  -3762367.5007   3680867.6901   3590465.5075      -0.0217       0.0473       0.2913
    116  1877    385080   39480  -3762367.5003   3680867.6891   3590465.5066      -0.0213       0.0471       0.2899
    117  1877    385110   39510  -3762367.5015   3680867.6960   3590465.5139      -0.0254       0.0499       0.2988
    118  1877    385140   39540  -3762367.4998   3680867.6909   3590465.5081      -0.0229       0.0478       0.2916
    119  1877    385170   39570  -3762367.5011   3680867.6928   3590465.5109      -0.0233       0.0489       0.2950
    120  1877    385200   39600  -3762367.5026   3680867.7012   3590465.5186      -0.0283       0.0514       0.3051
    121  1877    385230   39630  -3762367.5033   3680867.7037   3590465.5216      -0.0296       0.0525       0.3086
    122  1877    385260   39660  -3762367.5058   3680867.7173   3590465.5350      -0.0376       0.0572       0.3255
    123  1877    385290   39690  -3762367.5062   3680867.7135   3590465.5322      -0.0346       0.0562       0.3220
    124  1877    385320   39720  -3762367.5034   3680867.7056   3590465.5230      -0.0309       0.0528       0.3105
    125  1877    385350   39750  -3762367.5021   3680867.6986   3590465.5169      -0.0268       0.0511       0.3023
    126  1877    385380   39780  -3762367.5016   3680867.6932   3590465.5125      -0.0233       0.0498       0.2965
    127  1877    385410   39810  -3762367.4995   3680867.6901   3590465.5084      -0.0226       0.0485       0.2910
    128  1877    385440   39840  -3762367.4981   3680867.6865   3590465.5052      -0.0209       0.0479       0.2863
    129  1877    385470   39870  -3762367.4984   3680867.6906   3590465.5094      -0.0237       0.0496       0.2913
    130  1877    385500   39900  -3762367.4964   3680867.6816   3590465.5010      -0.0187       0.0470       0.2802
    131  1877    385530   39930  -3762367.4987   3680867.6889   3590465.5097      -0.0223       0.0504       0.2907
    132  1877    385560   39960  -3762367.4987   3680867.6923   3590465.5130      -0.0247       0.0517       0.2945
    133  1877    385590   39990  -3762367.5025   3680867.6942   3590465.5180      -0.0234       0.0536       0.3007
    134  1877    385620   40020  -3762367.4983   3680867.6873   3590465.5098      -0.0214       0.0514       0.2895
    135  1877    385650   40050  -3762367.4941   3680867.6838   3590465.5056      -0.0218       0.0510       0.2827
