% 2017îN 1åé 27ì˙ 12éû 29ï™ 45.800000ïb é¿çs
%------------------------------------------------------------------------------------------------------------------------------
Observation File :  AndroidOBS.17o
Ephemeris_N File :  AndroidOBS.17n
Ephemeris_G File :  Nothing
IONEX       File :  Nothing
IGS SP3     File :  Nothing
START       TIME :  2017/ 1/26  4:24:56
END         TIME :  2017/ 1/26  4:29:13
True Position[m] :  X = -3761063.4990,  Y = 3636647.5780,  Z = 3636362.7670

%------------------------------------------------------------------------------------------------------------------------------
% Epoch  WEEK      ToW     ToD        X[m]           Y[m]           Z[m]          East[m]     North[m]        Up[m] 
%------------------------------------------------------------------------------------------------------------------------------
      1  1933    361497   15897  -3761124.8657   3636664.4735   3636293.5247      30.5108     -88.7584       6.0701
      2  1933    361497   15897  -3761123.0178   3636665.9323   3636295.6987      28.1776     -86.7970       7.0589
      3  1933    361498   15898  -3761123.1054   3636666.8521   3636293.6662      27.5773     -88.8649       6.4692
      4  1933    361499   15899  -3761123.5716   3636669.7228   3636293.3826      25.8376     -90.4335       8.2160
      5  1933    361500   15900  -3761123.7778   3636670.5168   3636291.2330      25.4101     -92.5962       7.5573
      6  1933    361501   15901  -3761123.9987   3636672.9552   3636289.5118      23.8107     -95.0692       8.0893
      7  1933    361502   15902  -3761124.7151   3636675.2602   3636288.7025      22.6516     -96.9462       9.3601
      8  1933    361503   15903  -3761125.9031   3636677.1139   3636287.5800      22.1448     -99.0942      10.4721
      9  1933    361504   15904  -3761126.1253   3636678.5915   3636285.8634      21.2370    -101.1812      10.4602
     10  1933    361505   15905  -3761127.9352   3636679.4644   3636285.2484      21.8677    -102.7789      11.6709
     11  1933    361506   15906  -3761129.6474   3636680.9971   3636283.6967      21.9559    -105.3668      12.6626
     12  1933    361507   15907  -3761131.3515   3636682.1584   3636282.1181      22.3056    -107.8253      13.4228
     13  1933    361508   15908  -3761133.1389   3636682.5198   3636280.1918      23.2883    -110.2842      13.5770
     14  1933    361509   15909  -3761134.1939   3636683.7695   3636278.9530      23.1232    -112.2322      14.1999
     15  1933    361510   15910  -3761135.7342   3636684.4180   3636277.1469      23.7277    -114.6053      14.4411
     16  1933    361511   15911  -3761135.9527   3636684.8906   3636275.5507      23.5398    -116.1915      13.9238
     17  1933    361512   15912  -3761135.7130   3636685.9067   3636274.4270      22.6428    -117.4183      13.7170
     18  1933    361513   15913  -3761135.9439   3636686.7144   3636272.6583      22.2226    -119.2845      13.2990
     19  1933    361514   15914  -3761136.2083   3636687.9770   3636271.3747      21.4987    -120.9484      13.4379
     20  1933    361515   15915  -3761136.4041   3636688.9261   3636269.9338      20.9525    -122.5879      13.2677
     21  1933    361517   15917  -3761138.4814   3636689.1099   3636267.8224      22.2643    -125.2472      13.3854
     22  1933    361518   15918  -3761138.5949   3636689.5158   3636265.8738      22.0514    -127.0523      12.5663
     23  1933    361519   15919  -3761138.0099   3636691.1913   3636264.5608      20.4403    -128.5547      12.4232
     24  1933    361520   15920  -3761137.4042   3636692.1100   3636262.8270      19.3588    -130.0917      11.5957
     25  1933    361521   15921  -3761138.0579   3636692.5638   3636262.2285      19.4870    -131.0324      11.8960
     26  1933    361522   15922  -3761138.7302   3636694.0039   3636261.7109      18.9190    -132.3075      12.8154
     27  1933    361523   15923  -3761138.3993   3636694.0401   3636259.5884      18.6629    -133.9246      11.4242
     28  1933    361524   15924  -3761139.7075   3636694.4914   3636256.9432      19.2479    -136.8109      10.9353
     29  1933    361525   15925  -3761139.4781   3636694.1038   3636255.1385      19.3670    -138.0405       9.5447
     30  1933    361526   15926  -3761139.8785   3636695.9547   3636253.5710      18.3147    -140.2275       9.9361
     31  1933    361527   15927  -3761141.4134   3636695.8243   3636251.7485      19.4754    -142.3014       9.7209
     32  1933    361528   15928  -3761142.9322   3636697.6347   3636250.7811      19.2297    -144.4415      11.0920
     33  1933    361529   15929  -3761143.8002   3636698.1359   3636248.6438      19.4727    -146.7501      10.6634
     34  1933    361530   15930  -3761142.9792   3636698.9584   3636245.6086      18.3107    -149.2263       8.9080
     35  1933    361531   15931  -3761144.5923   3636698.2870   3636243.1284      19.9147    -151.6557       8.0538
     36  1933    361532   15932  -3761144.0881   3636699.1359   3636240.7025      18.9539    -153.7739       6.8495
     37  1933    361533   15933  -3761145.4990   3636699.8710   3636239.1629      19.4062    -155.9098       7.2165
     38  1933    361534   15934  -3761146.8594   3636699.1285   3636237.8826      20.8857    -157.2236       6.8609
     39  1933    361535   15935  -3761145.8359   3636699.9204   3636236.7021      19.6049    -158.0845       6.0322
     40  1933    361536   15936  -3761146.1438   3636700.1155   3636236.6942      19.6787    -158.2956       6.3202
     41  1933    361537   15937  -3761145.6451   3636701.6107   3636235.9664      18.2571    -159.2822       6.4608
     42  1933    361538   15938  -3761146.7746   3636702.1477   3636233.6017      18.6562    -161.8993       6.0762
     43  1933    361539   15939  -3761147.0451   3636702.3265   3636232.2236      18.7157    -163.2112       5.5472
     44  1933    361540   15940  -3761147.4888   3636704.7548   3636230.6242      17.2784    -165.6722       6.2746
     45  1933    361541   15941  -3761148.1150   3636706.5143   3636228.5688      16.4488    -168.3156       6.4671
     46  1933    361542   15942  -3761148.6313   3636708.8165   3636225.9786      15.1527    -171.5681       6.5973
     47  1933    361543   15943  -3761149.6209   3636710.5866   3636224.0701      14.5680    -174.2450       7.0942
     48  1933    361544   15944  -3761149.3411   3636711.7635   3636223.2565      13.5275    -175.2654       7.1331
     49  1933    361545   15945  -3761149.6582   3636713.5823   3636222.4183      12.4403    -176.8077       7.8753
     50  1933    361546   15946  -3761150.0266   3636717.3316   3636222.1201      10.0011    -178.6980      10.0566
     51  1933    361547   15947  -3761151.1963   3636717.1247   3636219.8807      10.9629    -180.9325       9.3438
     52  1933    361548   15948  -3761152.3906   3636717.2498   3636218.0060      11.7031    -183.0106       9.0438
     53  1933    361549   15949  -3761153.1994   3636720.1621   3636215.9641      10.1717    -186.1775      10.0082
     54  1933    361550   15950  -3761154.6566   3636720.3343   3636215.4602      11.0608    -187.2596      10.6756
     55  1933    361551   15951  -3761156.7176   3636722.6894   3636214.5034      10.8004    -189.8316      12.6823
     56  1933    361552   15952  -3761158.5365   3636723.3854   3636214.7772      11.5644    -190.6344      14.3070
     57  1933    361553   15953  -3761162.9781   3636722.6894   3636214.8226      15.1521    -192.1504      16.5528
     58  1933    361554   15954  -3761165.1100   3636722.1697   3636214.1196      17.0077    -193.3980      17.1095
     59  1933    361555   15955  -3761165.2315   3636721.9555   3636212.4025      17.2461    -194.7695      16.0747
     60  1933    361556   15956  -3761165.1081   3636722.1001   3636210.2323      17.0564    -196.5544      14.8401
     61  1933    361557   15957  -3761167.0948   3636723.0780   3636210.1518      17.7344    -197.8289      16.5211
     62  1933    361557   15957  -3761167.8953   3636723.9323   3636209.0823      17.6767    -199.3757      16.8660
     63  1933    361558   15958  -3761168.3992   3636724.9476   3636208.1844      17.2970    -200.7236      17.2262
     64  1933    361560   15960  -3761168.5695   3636725.1132   3636206.3401      17.2964    -202.3709      16.3635
     65  1933    361561   15961  -3761168.8217   3636726.2235   3636204.2379      16.6735    -204.6396      15.9391
     66  1933    361562   15962  -3761168.6310   3636726.9591   3636203.2119      16.0121    -205.6949      15.6575
     67  1933    361563   15963  -3761168.2313   3636728.3686   3636202.0834      14.7210    -207.0164      15.5779
     68  1933    361564   15964  -3761169.7447   3636730.3856   3636201.9262      14.3230    -208.5729      17.5278
     69  1933    361565   15965  -3761168.3269   3636732.1087   3636201.2712      12.0987    -209.2119      17.2986
     70  1933    361566   15966  -3761167.8631   3636733.1993   3636200.1528      10.9922    -210.3716      17.0054
     71  1933    361567   15967  -3761166.8763   3636734.2725   3636198.9695       9.5348    -211.3622      16.3568
     72  1933    361568   15968  -3761165.6858   3636735.0765   3636198.2307       8.1293    -211.7972      15.6900
     73  1933    361569   15969  -3761164.3132   3636736.6197   3636198.5900       6.0657    -211.5521      15.9664
     74  1933    361570   15970  -3761163.1767   3636738.1774   3636197.6304       4.1559    -212.4907      15.6340
     75  1933    361571   15971  -3761162.0847   3636739.7147   3636197.0175       2.2917    -213.1555      15.5150
     76  1933    361572   15972  -3761160.8687   3636741.4816   3636196.6756       0.1762    -213.6385      15.6090
     77  1933    361573   15973  -3761159.2535   3636742.2976   3636196.4591      -1.5332    -213.4754      14.9982
     78  1933    361574   15974  -3761157.5446   3636743.7404   3636196.1810      -3.7583    -213.5739      14.6539
     79  1933    361575   15975  -3761155.4215   3636745.5961   3636195.5934      -6.5681    -213.9198      14.1234
     80  1933    361576   15976  -3761153.4648   3636747.9902   3636194.9049      -9.6493    -214.6316      13.9396
     81  1933    361577   15977  -3761152.6178   3636749.3875   3636194.5048     -11.2427    -215.1671      14.0072
     82  1933    361578   15978  -3761151.0877   3636750.8716   3636194.0298     -13.3732    -215.5171      13.6789
     83  1933    361579   15979  -3761148.4061   3636751.6952   3636193.3933     -15.8293    -215.2616      12.2035
     84  1933    361580   15980  -3761146.8896   3636752.7244   3636194.9041     -17.6233    -213.8088      12.7626
     85  1933    361581   15981  -3761144.3975   3636754.0988   3636194.9251     -20.3437    -213.3123      12.0895
     86  1933    361582   15982  -3761141.7725   3636754.3670   3636195.8793     -22.3611    -211.5555      11.2431
     87  1933    361583   15983  -3761140.5518   3636755.6294   3636195.9008     -24.1172    -211.5378      11.2554
     88  1933    361584   15984  -3761138.9340   3636756.7747   3636195.4414     -26.0652    -211.7038      10.6915
     89  1933    361585   15985  -3761137.2927   3636757.8777   3636195.1561     -27.9990    -211.7007      10.1893
     90  1933    361586   15986  -3761135.1283   3636760.0354   3636195.0235     -31.0547    -211.7771      10.0673
     91  1933    361586   15986  -3761133.2181   3636761.9633   3636194.8598     -33.7684    -211.8923       9.9463
     92  1933    361588   15988  -3761131.8902   3636762.7227   3636195.8657     -35.2374    -210.8235      10.1733
     93  1933    361589   15989  -3761130.9343   3636763.4574   3636196.9800     -36.4300    -209.8093      10.6676
     94  1933    361590   15990  -3761129.7270   3636765.3898   3636197.4337     -38.6584    -209.7101      11.3172
     95  1933    361591   15991  -3761128.6054   3636765.5152   3636195.8389     -39.5282    -210.6044       9.8136
     96  1933    361591   15991  -3761127.3772   3636765.8253   3636194.6435     -40.6049    -211.2012       8.5815
     97  1933    361593   15993  -3761125.4554   3636767.1460   3636195.8393     -42.8902    -209.9557       8.8872
     98  1933    361594   15994  -3761123.2704   3636768.1426   3636196.5940     -45.1255    -208.8340       8.6005
     99  1933    361594   15994  -3761121.3769   3636769.0007   3636197.1341     -47.0586    -207.9530       8.2836
    100  1933    361596   15996  -3761119.5841   3636770.1090   3636197.2003     -49.1015    -207.6015       7.8967
    101  1933    361596   15996  -3761118.0161   3636771.0994   3636197.1966     -50.9035    -207.3530       7.5351
    102  1933    361598   15998  -3761115.9810   3636772.4242   3636196.5860     -53.2705    -207.5424       6.7409
    103  1933    361599   15999  -3761114.8188   3636773.2142   3636198.6196     -54.6463    -205.7121       7.6722
    104  1933    361600   16000  -3761112.8072   3636774.6201   3636197.3029     -57.0553    -206.5221       6.5331
    105  1933    361601   16001  -3761111.8593   3636775.6965   3636197.2296     -58.4880    -206.6204       6.5458
    106  1933    361602   16002  -3761110.4198   3636776.7465   3636197.5693     -60.2435    -206.1673       6.4907
    107  1933    361603   16003  -3761110.1579   3636778.2869   3636196.0126     -61.5329    -207.9486       6.3212
    108  1933    361603   16003  -3761109.9753   3636779.7232   3636194.5399     -62.6924    -209.6524       6.1873
    109  1933    361605   16005  -3761108.5402   3636781.7508   3636193.3189     -65.1476    -210.8694       5.7968
    110  1933    361606   16006  -3761106.3103   3636782.5266   3636194.0326     -67.2554    -209.6748       5.3344
    111  1933    361607   16007  -3761105.3117   3636784.0742   3636195.6399     -69.0621    -208.5630       6.5491
    112  1933    361608   16008  -3761103.4650   3636785.0926   3636196.1459     -71.0779    -207.7931       6.3315
    113  1933    361608   16008  -3761101.8254   3636785.9861   3636196.5417     -72.8599    -207.1492       6.1016
    114  1933    361610   16010  -3761099.9900   3636787.1317   3636198.3155     -74.9593    -205.3959       6.6899
    115  1933    361611   16011  -3761098.5777   3636787.2135   3636198.8148     -75.9998    -204.4373       6.1909
    116  1933    361612   16012  -3761097.1955   3636788.1792   3636199.8661     -77.6549    -203.3911       6.5294
    117  1933    361612   16012  -3761095.9284   3636789.0390   3636200.8616     -79.1538    -202.3959       6.8436
    118  1933    361614   16014  -3761094.8482   3636790.3242   3636202.4166     -80.8285    -201.1888       7.8308
    119  1933    361615   16015  -3761093.4670   3636791.8003   3636203.2154     -82.8498    -200.5533       8.3159
    120  1933    361616   16016  -3761091.7888   3636793.2413   3636204.4929     -85.0523    -199.3892       8.8805
    121  1933    361617   16017  -3761088.7545   3636793.4910   3636210.8830     -87.3410    -193.0025      10.8991
    122  1933    361617   16017  -3761086.3642   3636793.5459   3636216.4612     -89.0419    -187.4688      12.7205
    123  1933    361618   16018  -3761084.7484   3636794.1465   3636218.6861     -90.5969    -185.2192      13.3864
    124  1933    361619   16019  -3761083.6674   3636795.4609   3636219.7797     -92.2932    -184.4015      14.1252
    125  1933    361620   16020  -3761083.1023   3636796.9794   3636218.7272     -93.7776    -185.6361      14.0538
    126  1933    361622   16022  -3761081.8208   3636798.3423   3636219.9119     -95.6482    -184.6804      14.7544
    127  1933    361623   16023  -3761080.9787   3636799.8296   3636221.5974     -97.3029    -183.5451      16.0718
    128  1933    361624   16024  -3761080.0657   3636801.1839   3636222.7075     -98.9111    -182.7989      16.9418
    129  1933    361625   16025  -3761079.7660   3636802.1375   3636222.9634     -99.8050    -182.8457      17.4551
    130  1933    361626   16026  -3761078.3820   3636802.8244   3636222.7060    -101.2608    -182.7600      16.8836
    131  1933    361627   16027  -3761077.4492   3636802.6924   3636223.0565    -101.8144    -182.0358      16.4599
    132  1933    361628   16028  -3761076.1144   3636802.3244   3636223.1862    -102.4776    -181.2327      15.5385
    133  1933    361629   16029  -3761075.6951   3636803.0462   3636224.2716    -103.2879    -180.4583      16.3248
    134  1933    361630   16030  -3761074.9625   3636804.7846   3636224.4708    -105.0469    -180.6858      16.9976
    135  1933    361631   16031  -3761073.1588   3636805.6273   3636225.5230    -106.9066    -179.4162      17.0184
    136  1933    361632   16032  -3761072.3639   3636806.5880   3636225.4275    -108.1497    -179.5497      17.0425
    137  1933    361633   16033  -3761070.6692   3636806.6205   3636227.8854    -109.3511    -176.8503      17.4721
    138  1933    361634   16034  -3761068.5961   3636806.9490   3636226.7997    -111.0283    -177.0163      15.8156
    139  1933    361635   16035  -3761067.8171   3636807.1662   3636227.4738    -111.7259    -176.2295      15.8669
    140  1933    361636   16036  -3761066.7147   3636807.3474   3636228.2299    -112.6226    -175.2278      15.7543
    141  1933    361637   16037  -3761065.7795   3636807.4878   3636228.7684    -113.3735    -174.4572      15.5921
    142  1933    361638   16038  -3761063.4916   3636808.2731   3636229.8667    -115.5284    -172.9273      15.3214
    143  1933    361639   16039  -3761062.4045   3636808.8598   3636231.7807    -116.7058    -171.1448      16.1126
    144  1933    361640   16040  -3761062.2178   3636807.7132   3636232.6943    -116.0113    -169.8624      15.8734
    145  1933    361641   16041  -3761060.9276   3636809.0918   3636233.8571    -117.8993    -168.9273      16.5653
    146  1933    361642   16042  -3761060.3041   3636808.7549   3636235.5390    -118.0905    -167.1580      16.9704
    147  1933    361643   16043  -3761059.8044   3636811.0335   3636235.6173    -120.0759    -167.7960      18.0187
    148  1933    361644   16044  -3761057.9791   3636812.1793   3636235.8745    -122.1684    -167.2896      17.7437
    149  1933    361645   16045  -3761055.9342   3636814.1183   3636235.6477    -124.9838    -167.4053      17.5134
    150  1933    361646   16046  -3761053.9427   3636815.8481   3636236.9127    -127.6117    -166.2375      18.0508
    151  1933    361647   16047  -3761052.4862   3636814.7140   3636240.3335    -127.8089    -162.3824      18.5083
    152  1933    361647   16047  -3761051.2450   3636813.7504   3636243.2643    -127.9788    -159.0855      18.9086
    153  1933    361649   16049  -3761050.2586   3636813.4571   3636243.8102    -128.4536    -158.1148      18.4736
    154  1933    361650   16050  -3761049.2275   3636813.4749   3636245.2268    -129.1832    -156.5363      18.6886
    155  1933    361651   16051  -3761047.0649   3636812.8156   3636246.5825    -130.2124    -154.2714      17.8165
    156  1933    361651   16051  -3761045.2055   3636812.1793   3636247.7459    -131.0475    -152.2982      17.0260
    157  1933    361653   16053  -3761044.8508   3636811.3942   3636249.7821    -130.7297    -150.1708      17.5373
    158  1933    361654   16054  -3761044.1983   3636809.3611   3636251.4882    -129.7217    -147.6938      16.9732
    159  1933    361655   16055  -3761044.2902   3636808.7415   3636252.9799    -129.2123    -146.2625      17.5297
    160  1933    361656   16056  -3761045.2868   3636807.7201   3636252.9859    -127.7853    -146.2613      17.5384
    161  1933    361657   16057  -3761045.5118   3636806.9382   3636255.2143    -127.0669    -144.2167      18.5032
    162  1933    361658   16058  -3761046.2404   3636805.2102   3636257.3708    -125.3182    -142.0615      19.1846
    163  1933    361659   16059  -3761047.2906   3636803.6790   3636258.6772    -123.4873    -140.8137      19.6801
    164  1933    361660   16060  -3761047.4136   3636804.0688   3636261.8649    -123.6820    -138.4079      21.8021
    165  1933    361661   16061  -3761047.7575   3636803.4662   3636263.8532    -123.0097    -136.6805      22.8014
    166  1933    361662   16062  -3761047.6697   3636803.2877   3636265.5041    -122.9424    -135.2205      23.5945
    167  1933    361663   16063  -3761049.6934   3636802.6194   3636267.4342    -121.0554    -134.2069      25.5125
    168  1933    361664   16064  -3761050.4608   3636801.9976   3636268.7887    -120.0749    -133.1656      26.3869
    169  1933    361665   16065  -3761052.3400   3636801.2807   3636270.1133    -118.2533    -132.5692      27.8450
    170  1933    361665   16065  -3761053.9851   3636800.6855   3636271.3549    -116.6818    -131.9927      29.1868
    171  1933    361667   16067  -3761052.3558   3636798.1687   3636272.8698    -116.0051    -129.0769      27.6623
    172  1933    361668   16068  -3761053.2774   3636796.9881   3636275.2560    -114.5157    -127.0313      28.9008
    173  1933    361669   16069  -3761051.8115   3636795.7135   3636276.1725    -114.6184    -125.1681      27.8369
    174  1933    361669   16069  -3761050.8239   3636794.4485   3636276.8392    -114.3955    -123.7108      26.9169
    175  1933    361671   16071  -3761052.2507   3636793.5743   3636279.9085    -112.7752    -121.4356      29.0191
    176  1933    361672   16072  -3761052.9726   3636792.9435   3636283.3642    -111.8200    -118.6505      31.0663
    177  1933    361673   16073  -3761050.6600   3636791.4643   3636287.3170    -112.3641    -113.8691      31.1279
    178  1933    361674   16074  -3761049.6397   3636788.4588   3636289.8569    -110.9127    -110.1698      30.2715
    179  1933    361674   16074  -3761049.7959   3636787.4763   3636292.2312    -110.0978    -107.8973      31.1651
    180  1933    361675   16075  -3761050.0785   3636785.8990   3636293.9387    -108.7674    -105.9861      31.4122
    181  1933    361676   16076  -3761050.3349   3636783.6259   3636295.3056    -106.9551    -104.0660      31.0522
    182  1933    361677   16077  -3761051.3706   3636781.9943   3636296.6962    -105.0622    -102.7033      31.5303
    183  1933    361679   16079  -3761052.2244   3636779.0122   3636298.7741    -102.3249    -100.1643      31.5262
    184  1933    361680   16080  -3761053.1429   3636777.2777   3636298.6289    -100.4395     -99.9706      30.9961
    185  1933    361680   16080  -3761053.8474   3636775.6934   3636298.5678     -98.8109     -99.6796      30.4737
    186  1933    361682   16082  -3761055.2831   3636773.2191   3636297.6520     -96.0341    -100.0356      29.3851
    187  1933    361683   16083  -3761056.0414   3636771.7711   3636296.3038     -94.4660    -100.8757      28.2341
    188  1933    361684   16084  -3761057.5965   3636769.3676   3636294.8761     -91.6572    -101.7286      26.9627
    189  1933    361685   16085  -3761058.9731   3636767.6917   3636293.2724     -89.4955    -102.9420      25.8996
    190  1933    361686   16086  -3761060.4459   3636766.7883   3636291.7434     -87.8222    -104.4417      25.3760
    191  1933    361687   16087  -3761061.4940   3636766.2137   3636289.6627     -86.6806    -106.3495      24.4732
    192  1933    361687   16087  -3761062.3809   3636765.6047   3636287.8553     -85.6262    -107.9533      23.6125
    193  1933    361689   16089  -3761064.4475   3636764.5767   3636286.3748     -83.4507    -109.6083      23.3955
    194  1933    361689   16089  -3761066.2287   3636763.6365   3636285.1110     -81.5367    -111.0033      23.1846
    195  1933    361691   16091  -3761067.7184   3636762.3376   3636283.7934     -79.5674    -112.1791      22.5669
    196  1933    361692   16092  -3761068.8432   3636761.3963   3636282.9169     -78.1089    -112.9858      22.1908
    197  1933    361692   16092  -3761069.8203   3636760.4816   3636282.1155     -76.7720    -113.6806      21.7859
    198  1933    361694   16094  -3761071.5806   3636760.0797   3636280.8512     -75.2595    -115.2818      21.8690
    199  1933    361695   16095  -3761073.2154   3636759.3794   3636279.2868     -73.6197    -116.9583      21.5361
    200  1933    361696   16096  -3761074.4491   3636758.7029   3636276.8119     -72.2758    -119.2249      20.4586
    201  1933    361697   16097  -3761075.4872   3636757.9073   3636275.3385     -70.9823    -120.5429      19.7722
    202  1933    361698   16098  -3761076.3537   3636757.5656   3636273.3560     -70.1343    -122.3882      18.9514
    203  1933    361699   16099  -3761077.3972   3636756.0140   3636272.3260     -68.2935    -123.0438      18.0918
    204  1933    361700   16100  -3761079.0402   3636756.1260   3636271.2915     -67.2319    -124.6132      18.5304
    205  1933    361700   16100  -3761080.5188   3636756.2793   3636270.3947     -66.3143    -126.0186      18.9744
    206  1933    361702   16102  -3761081.3167   3636755.9668   3636269.0050     -65.5351    -127.3615      18.4696
    207  1933    361703   16103  -3761082.7506   3636754.9413   3636266.6500     -63.8011    -129.4733      17.3800
    208  1933    361704   16104  -3761084.0728   3636754.0727   3636265.9613     -62.2576    -130.2364      17.2692
    209  1933    361705   16105  -3761085.7216   3636753.3191   3636264.4464     -60.5697    -131.8568      16.9427
    210  1933    361706   16106  -3761086.8952   3636752.5254   3636263.2339     -59.1833    -133.0177      16.4867
    211  1933    361706   16106  -3761087.9304   3636751.7979   3636262.1680     -57.9408    -134.0278      16.0710
    212  1933    361708   16108  -3761088.6410   3636750.2713   3636261.0963     -56.3494    -134.5903      15.0057
    213  1933    361709   16109  -3761089.7270   3636748.3212   3636260.4363     -54.1925    -134.8016      14.1564
    214  1933    361710   16110  -3761091.0769   3636746.0954   3636261.1959     -51.6540    -133.8485      14.1193
    215  1933    361711   16111  -3761092.0925   3636744.0223   3636261.9108     -49.4578    -132.8551      13.9467
    216  1933    361712   16112  -3761091.7438   3636741.6935   3636263.1720     -48.0260    -130.7500      13.1381
    217  1933    361712   16112  -3761091.4378   3636739.5746   3636264.2483     -46.7154    -128.8975      12.3681
    218  1933    361714   16114  -3761092.4514   3636736.9745   3636263.7465     -44.1416    -128.6903      11.1966
    219  1933    361715   16115  -3761092.3791   3636736.4673   3636264.7819     -43.8272    -127.6100      11.4588
    220  1933    361716   16116  -3761092.5194   3636736.6190   3636264.9345     -43.8388    -127.6033      11.7153
    221  1933    361716   16116  -3761092.6394   3636736.8833   3636265.2402     -43.9453    -127.5076      12.1118
    222  1933    361718   16118  -3761092.6563   3636734.5064   3636265.2971     -42.2249    -126.5206      10.8006
    223  1933    361719   16119  -3761092.7822   3636734.0403   3636266.4722     -41.8022    -125.4240      11.2830
    224  1933    361720   16120  -3761092.5847   3636734.0106   3636266.5956     -41.9182    -125.2297      11.2206
    225  1933    361721   16121  -3761092.3526   3636734.3466   3636268.9263     -42.3211    -123.3583      12.6115
    226  1933    361721   16121  -3761091.7869   3636734.6975   3636270.4336     -42.9666    -122.0300      13.3422
    227  1933    361722   16122  -3761090.2044   3636734.3924   3636272.8248     -43.8473    -119.2970      13.6073
    228  1933    361722   16122  -3761088.7834   3636734.0120   3636274.4600     -44.5616    -117.2199      13.4912
    229  1933    361725   16125  -3761089.6934   3636729.4050   3636275.2459     -40.6170    -115.1151      11.8540
    230  1933    361726   16126  -3761089.1010   3636729.2299   3636276.6501     -40.9030    -113.6507      12.2103
    231  1933    361727   16127  -3761087.9756   3636730.1529   3636276.9714     -42.3488    -113.2914      12.2573
    232  1933    361728   16128  -3761088.0950   3636730.4543   3636277.3091     -42.4825    -113.1840      12.6929
    233  1933    361729   16129  -3761087.9223   3636729.6329   3636278.1241     -42.0120    -112.1177      12.5907
    234  1933    361729   16129  -3761087.8671   3636728.7630   3636278.6892     -41.4250    -111.2853      12.3867
    235  1933    361731   16131  -3761086.5694   3636728.3154   3636279.9969     -42.0053    -109.5007      12.1171
    236  1933    361731   16131  -3761085.7500   3636727.9266   3636281.0684     -42.2953    -108.1301      12.0274
    237  1933    361733   16133  -3761086.6558   3636726.2069   3636281.5428     -40.4295    -107.4294      11.8534
    238  1933    361734   16134  -3761086.5032   3636725.5154   3636282.7625     -40.0384    -106.0915      12.0691
    239  1933    361735   16135  -3761087.6886   3636728.3308   3636287.5445     -41.2383    -103.7841      17.1123
    240  1933    361735   16135  -3761088.5545   3636728.4041   3636286.7103     -40.6892    -104.8536      17.1858
    241  1933    361737   16137  -3761089.9389   3636728.2157   3636289.4814     -39.5914    -103.0788      19.4827
    242  1933    361738   16138  -3761091.4514   3636726.9967   3636292.6047     -37.6637    -100.6573      21.4700
    243  1933    361739   16139  -3761090.0180   3636726.4218   3636296.9037     -38.2468     -96.3151      22.7630
    244  1933    361740   16140  -3761091.4648   3636726.5369   3636298.9200     -37.3238     -95.3053      24.8367
    245  1933    361740   16140  -3761092.7290   3636726.0482   3636300.5649     -36.0937     -94.2839      26.2461
    246  1933    361741   16141  -3761092.8770   3636724.4160   3636302.9690     -34.8175     -91.7247      26.7819
    247  1933    361742   16142  -3761091.7784   3636722.8142   3636306.5421     -34.4296     -87.7059      27.2712
    248  1933    361743   16143  -3761091.4627   3636721.2450   3636309.2760     -33.5210     -84.7105      27.7589
    249  1933    361744   16144  -3761091.8918   3636720.2524   3636310.4425     -32.5092     -83.5360      28.1151
    250  1933    361745   16145  -3761092.3537   3636719.2706   3636311.9425     -31.4822     -82.1062      28.6880
    251  1933    361746   16146  -3761092.7528   3636718.6472   3636313.6176     -30.7566     -80.6498      29.5284
    252  1933    361747   16147  -3761093.2032   3636718.1442   3636315.3924     -30.0820     -79.1808      30.5248
    253  1933    361748   16148  -3761093.8657   3636717.5708   3636317.1239     -29.2092     -77.8067      31.5811
    254  1933    361749   16149  -3761093.5182   3636716.4228   3636318.3859     -28.6255     -76.1719      31.4462
    255  1933    361750   16150  -3761093.6306   3636715.1233   3636320.0934     -27.6132     -74.3014      31.7512
    256  1933    361751   16151  -3761093.5767   3636713.8841   3636320.9285     -26.7598     -73.1011      31.4925
    257  1933    361752   16152  -3761093.7166   3636713.0567   3636322.5591     -26.0678     -71.4930      32.0385
