% 2019îN 7åé 5ì˙ 12éû 50ï™ 40.574000ïb é¿çs
%------------------------------------------------------------------------------------------------------------------------------
Observation File :  Nexus_3_20.19o
Ephemeris_N File :  0111.19n
Ephemeris_G File :  Nothing
IONEX       File :  Nothing
IGS SP3     File :  Nothing
START       TIME :  2019/ 1/11  9: 4:24
END         TIME :  2019/ 1/11  9: 5:45
True Position[m] :  X = -3761063.4990,  Y = 3636647.5780,  Z = 3636362.7670

%------------------------------------------------------------------------------------------------------------------------------
% Epoch  WEEK      ToW     ToD        X[m]           Y[m]           Z[m]          East[m]     North[m]        Up[m] 
%------------------------------------------------------------------------------------------------------------------------------
      1  2035    464664   32664  -3760966.3006   3636672.0250   3636436.3411     -85.1391      90.5999      -1.1462
      2  2035    464665   32665  -3760964.9305   3636670.9547   3636439.5946     -85.3220      94.2569      -0.6975
      3  2035    464666   32666  -3760963.3654   3636669.6557   3636442.9342     -85.4761      98.1559      -0.4445
      4  2035    464667   32667  -3760962.1142   3636669.6310   3636444.5708     -86.3281     100.0224      -0.2572
      5  2035    464668   32668  -3760961.9053   3636669.7276   3636444.8466     -86.5428     100.2959      -0.1672
      6  2035    464669   32669  -3760960.9306   3636669.6318   3636445.6297     -87.1514     101.3774      -0.3469
      7  2035    464670   32670  -3760958.5384   3636670.1199   3636447.2846     -89.1651     103.5248      -0.5291
      8  2035    464671   32671  -3760958.0319   3636670.1791   3636447.3371     -89.5597     103.7530      -0.7636
      9  2035    464672   32672  -3760956.9488   3636670.3128   3636448.6291     -90.4088     105.2047      -0.5847
     10  2035    464673   32673  -3760955.9066   3636670.2598   3636449.6495     -91.0951     106.4915      -0.6438
     11  2035    464674   32674  -3760954.8037   3636670.6734   3636450.2522     -92.1591     107.2750      -0.7123
     12  2035    464675   32675  -3760954.4238   3636670.7113   3636450.6477     -92.4504     107.7405      -0.6877
     13  2035    464676   32676  -3760953.3393   3636670.9183   3636451.7341     -93.3531     108.9951      -0.5857
     14  2035    464677   32677  -3760952.7324   3636671.3338   3636452.3734     -94.0737     109.6035      -0.3400
     15  2035    464678   32678  -3760952.0437   3636671.3510   3636453.0163     -94.5647     110.4072      -0.3674
     16  2035    464679   32679  -3760951.5142   3636671.4980   3636453.6268     -95.0384     111.0670      -0.2455
     17  2035    464680   32680  -3760950.1588   3636671.5029   3636454.7440     -95.9841     112.5391      -0.4005
     18  2035    464681   32681  -3760949.0179   3636671.7690   3636455.4647     -96.9686     113.4938      -0.5078
     19  2035    464682   32682  -3760947.9558   3636671.9817   3636456.4261     -97.8597     114.6345      -0.4610
     20  2035    464683   32683  -3760947.3495   3636672.1849   3636456.7681     -98.4272     115.0836      -0.5064
     21  2035    464684   32684  -3760946.2891   3636672.5994   3636457.6425     -99.4623     116.0719      -0.3935
     22  2035    464685   32685  -3760945.7948   3636672.6626   3636457.8297     -99.8513     116.4038      -0.5414
     23  2035    464686   32686  -3760945.1356   3636672.8304   3636458.4715    -100.4302     117.1345      -0.4662
     24  2035    464687   32687  -3760944.4456   3636672.8060   3636459.2876    -100.8923     118.0972      -0.4186
     25  2035    464688   32688  -3760943.5905   3636672.9667   3636460.1663    -101.6022     119.1055      -0.3269
     26  2035    464689   32689  -3760942.8192   3636672.9720   3636460.6543    -102.1422     119.8212      -0.4985
     27  2035    464690   32690  -3760942.1560   3636673.5246   3636461.4728    -103.0005     120.5450      -0.1051
     28  2035    464691   32691  -3760941.2391   3636674.0488   3636462.2429    -104.0146     121.3449       0.0949
     29  2035    464692   32692  -3760940.7040   3636674.0746   3636462.7091    -104.4051     121.9372       0.0616
     30  2035    464693   32693  -3760939.4364   3636674.2388   3636463.5792    -105.4043     123.1071      -0.0925
     31  2035    464694   32694  -3760938.6332   3636674.5447   3636464.3628    -106.1825     123.9582       0.0578
     32  2035    464695   32695  -3760937.5489   3636674.7569   3636465.3404    -107.0888     125.1216       0.1005
     33  2035    464696   32696  -3760937.0212   3636674.7454   3636465.6646    -107.4474     125.6092      -0.0310
     34  2035    464697   32697  -3760935.8895   3636674.8882   3636466.7108    -108.3366     126.8760      -0.0165
     35  2035    464698   32698  -3760934.9285   3636674.8902   3636467.5304    -109.0061     127.9428      -0.1115
     36  2035    464699   32699  -3760934.5136   3636674.9369   3636468.0457    -109.3281     128.5174      -0.0338
     37  2035    464700   32700  -3760933.3369   3636674.9004   3636468.8964    -110.1198     129.7139      -0.2600
     38  2035    464701   32701  -3760932.6897   3636675.0248   3636469.5005    -110.6591     130.4261      -0.2240
     39  2035    464702   32702  -3760931.6630   3636675.1979   3636470.1148    -111.4972     131.2835      -0.3780
     40  2035    464703   32703  -3760930.7034   3636675.4576   3636470.9841    -112.3510     132.2878      -0.2969
     41  2035    464704   32704            NaN            NaN            NaN          NaN          NaN          NaN
     42  2035    464705   32705            NaN            NaN            NaN          NaN          NaN          NaN
     43  2035    464706   32706            NaN            NaN            NaN          NaN          NaN          NaN
     44  2035    464707   32707            NaN            NaN            NaN          NaN          NaN          NaN
     45  2035    464708   32708            NaN            NaN            NaN          NaN          NaN          NaN
     46  2035    464709   32709            NaN            NaN            NaN          NaN          NaN          NaN
     47  2035    464710   32710            NaN            NaN            NaN          NaN          NaN          NaN
     48  2035    464711   32711            NaN            NaN            NaN          NaN          NaN          NaN
     49  2035    464712   32712            NaN            NaN            NaN          NaN          NaN          NaN
     50  2035    464713   32713            NaN            NaN            NaN          NaN          NaN          NaN
     51  2035    464714   32714            NaN            NaN            NaN          NaN          NaN          NaN
     52  2035    464715   32715            NaN            NaN            NaN          NaN          NaN          NaN
     53  2035    464716   32716            NaN            NaN            NaN          NaN          NaN          NaN
     54  2035    464717   32717            NaN            NaN            NaN          NaN          NaN          NaN
     55  2035    464718   32718            NaN            NaN            NaN          NaN          NaN          NaN
     56  2035    464719   32719            NaN            NaN            NaN          NaN          NaN          NaN
     57  2035    464720   32720            NaN            NaN            NaN          NaN          NaN          NaN
     58  2035    464721   32721            NaN            NaN            NaN          NaN          NaN          NaN
     59  2035    464722   32722            NaN            NaN            NaN          NaN          NaN          NaN
     60  2035    464723   32723            NaN            NaN            NaN          NaN          NaN          NaN
     61  2035    464724   32724  -3760921.9691   3636692.5760   3636487.3353    -130.7287     142.4626      13.6825
     62  2035    464725   32725  -3760920.6117   3636692.2835   3636489.1322    -131.4620     144.6110      13.7465
     63  2035    464726   32726  -3760919.3116   3636692.4752   3636490.1125    -132.5034     145.8735      13.6520
     64  2035    464727   32727  -3760918.5386   3636691.3780   3636491.1436    -132.2521     147.4743      13.1629
     65  2035    464728   32728  -3760917.6751   3636690.9624   3636492.1955    -132.5535     148.8576      13.0206
     66  2035    464729   32729  -3760916.6665   3636690.5227   3636493.1180    -132.9385     150.2044      12.7051
     67  2035    464730   32730  -3760914.9728   3636690.4508   3636494.1090    -134.0641     151.7431      12.2346
     68  2035    464731   32731  -3760914.2930   3636690.2163   3636494.9895    -134.3681     152.8381      12.2055
     69  2035    464732   32732  -3760912.8778   3636690.2115   3636495.4607    -135.3483     153.8094      11.6393
     70  2035    464733   32733  -3760912.0913   3636690.3177   3636496.3205    -135.9714     154.7957      11.7295
     71  2035    464734   32734  -3760910.7279   3636690.5085   3636497.0645    -137.0563     155.8912      11.4617
     72  2035    464735   32735  -3760909.8097   3636690.6630   3636497.4998    -137.8056     156.5647      11.2584
     73  2035    464736   32736  -3760908.3432   3636690.7838   3636499.0752    -138.9118     158.4117      11.3666
     74  2035    464737   32737  -3760907.1309   3636690.8715   3636500.3727    -139.8175     159.9395      11.4464
     75  2035    464738   32738  -3760906.5532   3636690.6595   3636501.2421    -140.0668     160.9744      11.4838
     76  2035    464739   32739  -3760905.5131   3636690.9986   3636501.8915    -141.0335     161.8001      11.4366
     77  2035    464740   32740  -3760904.1573   3636690.9933   3636502.6419    -141.9721     162.9759      11.0653
     78  2035    464741   32741  -3760895.5990   3636688.5923   3636504.3285    -146.1950     168.8420       5.6238
     79  2035    464742   32742  -3760896.0144   3636688.6548   3636504.7536    -145.9513     168.9941       6.1478
     80  2035    464743   32743  -3760895.3410   3636688.9586   3636505.2685    -146.6378     169.5724       6.2194
     81  2035    464744   32744  -3760894.7623   3636688.4480   3636506.0998    -146.6729     170.6956       6.0643
     82  2035    464745   32745  -3760894.0923   3636689.0115   3636506.2619    -147.5438     170.8800       6.0835
