% 2017îN 5åé 23ì˙ 13éû 53ï™ 49.422000ïb é¿çs
%------------------------------------------------------------------------------------------------------------------------------
Observation File :  AndroidOBS.17o
Ephemeris_N File :  AndroidOBS.17n
Ephemeris_G File :  Nothing
IONEX       File :  Nothing
IGS SP3     File :  Nothing
START       TIME :  2017/ 1/27  4:28:2.939516e+001
END         TIME :  2017/ 1/27  4:32:3.740296e+001
True Position[m] :  X = -3761063.4990,  Y = 3636647.5780,  Z = 3636362.7670

%------------------------------------------------------------------------------------------------------------------------------
% Epoch  WEEK      ToW     ToD        X[m]           Y[m]           Z[m]          East[m]     North[m]        Up[m] 
%------------------------------------------------------------------------------------------------------------------------------
      1  1933    448109   16109  -3761117.5331   3636660.9217   3636301.1159      27.9673     -78.1011       4.0805
      2  1933    448110   16110  -3761111.1808   3636654.7887   3636290.6332      27.9606     -81.6275      -9.1640
      3  1933    448111   16111  -3761111.4801   3636658.0697   3636289.4480      25.8100     -84.0295      -7.7986
      4  1933    448112   16112  -3761110.4522   3636657.9503   3636287.5409      25.1813     -85.1208      -9.5654
      5  1933    448113   16113  -3761112.8732   3636661.0352   3636287.2764      24.6464     -87.5648      -6.5341
      6  1933    448114   16114  -3761116.3485   3636664.8612   3636288.0768      24.3117     -89.8662      -1.8493
      7  1933    448115   16115  -3761114.6178   3636664.6384   3636285.4303      23.2689     -91.2324      -4.5128
      8  1933    448116   16116  -3761114.1809   3636664.8958   3636282.7000      22.7801     -93.3919      -6.1888
      9  1933    448117   16117  -3761115.1809   3636667.2698   3636281.5009      21.7686     -95.7327      -4.9353
     10  1933    448118   16118  -3761116.2874   3636669.4335   3636280.3679      20.9822     -97.9793      -3.7008
     11  1933    448119   16119  -3761115.5782   3636669.3122   3636277.6636      20.5765     -99.8544      -5.7381
     12  1933    448120   16120  -3761118.3621   3636672.0837   3636277.7518      20.5191    -102.0340      -2.4693
     13  1933    448121   16121  -3761117.4073   3636671.2352   3636274.8382      20.4655    -103.6895      -5.1853
     14  1933    448122   16122  -3761119.7907   3636673.5206   3636274.2045      20.4792    -106.1019      -2.8432
     15  1933    448124   16124  -3761119.0705   3636672.1926   3636272.2958      20.9333    -106.8397      -5.1180
     16  1933    448125   16125  -3761114.8278   3636666.1098   3636266.5947      22.3570    -107.3379     -14.3500
     17  1933    448126   16126  -3761126.2858   3636678.8118   3636275.7103      21.1903    -109.6539       4.8593
     18  1933    448127   16127  -3761116.7582   3636668.3778   3636264.6195      22.0685    -110.6557     -13.0537
     19  1933    448128   16128  -3761118.1524   3636669.7155   3636264.2416      22.0759    -112.0731     -11.6873
     20  1933    448129   16129  -3761124.5598   3636675.8239   3636267.7941      22.1385    -114.2377      -2.3976
     21  1933    448130   16130  -3761122.4870   3636674.6196   3636263.1729      21.5633    -116.6897      -6.9538
     22  1933    448131   16131  -3761124.4756   3636676.5634   3636262.9028      21.5483    -118.5052      -4.8303
     23  1933    448132   16132  -3761121.5774   3636674.7969   3636258.7911      20.8036    -119.9756      -9.9008
     24  1933    448133   16133  -3761123.7528   3636676.3974   3636258.7636      21.1652    -121.5326      -7.7237
     25  1933    448134   16134  -3761129.1223   3636681.4915   3636260.9862      21.2355    -123.9547      -0.3854
     26  1933    448135   16135  -3761123.9166   3636676.3075   3636254.0529      21.3437    -125.4239     -10.3791
     27  1933    448136   16136  -3761122.8694   3636675.0509   3636252.4372      21.5191    -125.8152     -12.6380
     28  1933    448137   16137  -3761128.7124   3636680.5648   3636255.9048      21.6168    -127.5798      -4.0680
     29  1933    448138   16138  -3761127.5319   3636679.8329   3636252.6485      21.3224    -129.4696      -7.0471
     30  1933    448139   16139  -3761128.6096   3636680.9738   3636251.2047      21.2513    -131.5514      -6.5903
     31  1933    448140   16140  -3761131.2330   3636684.2521   3636252.0091      20.7181    -133.2801      -2.7167
     32  1933    448141   16141  -3761126.1257   3636679.9379   3636245.6448      20.2694    -134.6701     -11.8309
     33  1933    448142   16142  -3761129.5758   3636683.0078   3636246.6333      20.4606    -136.5057      -7.4836
     34  1933    448143   16143  -3761130.6506   3636684.7204   3636245.3474      19.9766    -138.6848      -6.6124
     35  1933    448144   16144  -3761137.0169   3636691.2255   3636248.5116      19.7254    -141.3086       2.6564
     36  1933    448145   16145  -3761129.3701   3636683.2697   3636238.5202      20.1294    -143.1726     -12.1070
     37  1933    448146   16146  -3761130.5840   3636683.3776   3636237.6217      20.8956    -144.4521     -11.8458
     38  1933    448147   16147  -3761138.6630   3636690.4158   3636242.8925      21.4518    -146.2684      -0.0567
     39  1933    448148   16148  -3761132.6082   3636684.6506   3636234.7900      21.3875    -148.1138     -11.5519
     40  1933    448149   16149  -3761135.6307   3636687.7540   3636237.3730      21.2576    -148.4800      -6.5232
     41  1933    448150   16150  -3761134.7098   3636687.1829   3636234.9627      21.0279    -149.8476      -8.7728
     42  1933    448151   16151  -3761137.1031   3636689.2134   3636236.6712      21.2318    -150.2435      -5.2271
     43  1933    448152   16152  -3761138.9773   3636691.5741   3636236.8117      20.8375    -151.8416      -2.6982
     44  1933    448153   16153  -3761134.9271   3636688.3166   3636230.8635      20.3640    -153.7477     -10.3493
     45  1933    448154   16154  -3761140.1053   3636694.7809   3636235.1352      19.3163    -154.9581      -1.1686
     46  1933    448155   16155  -3761138.6144   3636694.9428   3636232.7546      18.1635    -156.3587      -3.3195
     47  1933    448156   16156  -3761141.7283   3636699.8952   3636233.3881      16.7678    -159.0967       1.6985
     48  1933    448157   16157  -3761140.1108   3636701.1157   3636230.0948      14.7660    -161.6148      -0.4473
     49  1933    448158   16158  -3761140.2909   3636702.9361   3636228.8373      13.5825    -163.4448      -0.0253
     50  1933    448159   16159  -3761136.9814   3636700.8267   3636224.6506      12.7985    -164.6704      -5.5764
     51  1933    448160   16160  -3761138.4309   3636704.3714   3636224.2100      11.2578    -167.0414      -2.9564
     52  1933    448161   16161  -3761138.0023   3636704.9595   3636222.3970      10.5371    -168.5846      -3.9134
     53  1933    448162   16162  -3761135.7412   3636703.9224   3636218.7312       9.7109    -170.2428      -7.9375
     54  1933    448163   16163  -3761140.3985   3636709.4899   3636222.1159       8.9458    -171.6080      -0.0829
     55  1933    448164   16164  -3761137.0925   3636708.0875   3636216.9408       7.6559    -173.9267      -5.7959
     56  1933    448165   16165  -3761136.9997   3636708.3985   3636214.8035       7.3678    -175.7635      -6.8988
     57  1933    448166   16166  -3761136.3137   3636707.3495   3636211.8144       7.6451    -177.5118      -9.6141
     58  1933    448167   16167  -3761142.4779   3636711.6744   3636214.6849       8.8208    -179.4241      -1.8744
     59  1933    448168   16168  -3761137.8295   3636708.0234   3636207.6086       8.2143    -181.8510     -10.7487
     60  1933    448168   16168  -3761148.3469   3636717.2795   3636214.1262       8.8709    -184.5346       4.4545
     61  1933    448169   16169  -3761150.0045   3636718.0890   3636212.1329       9.4412    -187.1736       4.7491
     62  1933    448170   16170  -3761147.2768   3636714.1091   3636206.7354      10.4063    -188.8855      -2.2187
     63  1933    448171   16171  -3761148.6984   3636714.4270   3636205.4201      11.1659    -190.6758      -1.9545
     64  1933    448172   16172  -3761149.5137   3636714.6812   3636203.8803      11.5499    -192.3747      -2.2123
     65  1933    448173   16173  -3761149.7696   3636714.0732   3636201.6938      12.1649    -194.0294      -3.6614
     66  1933    448174   16174  -3761149.4695   3636713.1848   3636199.1943      12.5950    -195.5996      -5.7771
     67  1933    448175   16175  -3761149.7839   3636712.8671   3636197.3889      13.0419    -197.0818      -6.8079
     68  1933    448176   16176  -3761151.0231   3636713.0678   3636197.2653      13.7589    -197.7738      -6.0346
     69  1933    448177   16177  -3761153.1020   3636715.0043   3636197.5902      13.8119    -199.1362      -3.5209
     70  1933    448178   16178  -3761150.8679   3636714.6487   3636194.0263      12.5146    -200.9936      -7.0826
     71  1933    448179   16179  -3761151.5365   3636715.7284   3636194.0926      12.2032    -201.6452      -6.0359
     72  1933    448180   16180  -3761151.8525   3636717.1465   3636193.7320      11.4034    -202.6361      -5.2488
     73  1933    448181   16181  -3761152.6439   3636719.1154   3636194.0827      10.5380    -203.4595      -3.4603
     74  1933    448182   16182  -3761152.7029   3636720.4317   3636193.6320       9.6328    -204.3777      -2.9342
     75  1933    448183   16183  -3761153.0808   3636722.1030   3636193.5060       8.6939    -205.3028      -1.8321
     76  1933    448185   16185  -3761149.4020   3636719.8876   3636189.7680       7.7294    -205.9662      -7.4037
     77  1933    448186   16186  -3761150.6690   3636723.2440   3636191.0476       6.1972    -206.7777      -4.0123
     78  1933    448187   16187  -3761147.8995   3636722.9198   3636188.6999       4.5051    -207.4305      -7.1742
     79  1933    448188   16188  -3761145.2014   3636722.6452   3636186.2525       2.8270    -208.2142     -10.3230
     80  1933    448189   16189  -3761147.7333   3636726.6797   3636189.0888       1.6867    -208.5418      -4.9077
     81  1933    448190   16190  -3761146.1756   3636727.4640   3636188.0018       0.0400    -209.1030      -6.0018
     82  1933    448191   16191  -3761142.4797   3636726.8058   3636185.0705      -2.0559    -209.7190     -10.2342
     83  1933    448192   16192  -3761144.5436   3636729.3541   3636187.1302      -2.4532    -209.8977      -6.3863
     84  1933    448193   16193  -3761141.1156   3636728.8670   3636185.0299      -4.4859    -210.0115      -9.8869
     85  1933    448194   16194  -3761144.0181   3636733.2885   3636188.6056      -5.6469    -210.0402      -3.6091
     86  1933    448195   16195  -3761140.1582   3636731.4722   3636185.6587      -7.0242    -210.1400      -8.6067
     87  1933    448195   16195  -3761144.4623   3636738.2841   3636190.5179      -8.9295    -210.6474       0.5940
     88  1933    448196   16196  -3761139.9990   3636736.7383   3636186.8855     -10.9207    -211.1679      -4.9979
     89  1933    448198   16198  -3761135.5490   3636734.6327   3636183.4780     -12.5003    -211.2865     -10.7718
     90  1933    448199   16199  -3761137.4782   3636738.8752   3636186.8012     -14.2092    -211.0496      -5.3140
     91  1933    448199   16199  -3761135.2629   3636738.9919   3636185.9720     -15.8330    -210.8624      -7.0278
     92  1933    448201   16201  -3761134.3166   3636740.2308   3636186.0198     -17.3814    -210.9270      -6.8521
     93  1933    448202   16202  -3761133.6037   3636742.0583   3636186.2009     -19.1907    -211.2131      -6.1274
     94  1933    448203   16203  -3761132.7312   3636743.5611   3636186.4586     -20.8775    -211.2412      -5.6377
     95  1933    448203   16203  -3761131.1655   3636744.3005   3636185.9927     -22.4975    -211.2723      -6.4059
     96  1933    448205   16205  -3761128.7462   3636744.4198   3636184.7871     -24.2650    -211.3104      -8.4542
     97  1933    448206   16206  -3761127.3387   3636745.6187   3636184.4864     -26.1052    -211.4545      -8.7727
     98  1933    448207   16207  -3761127.6713   3636748.3375   3636186.3285     -27.8285    -211.1658      -5.9723
     99  1933    448208   16208  -3761131.8510   3636755.4964   3636191.6561     -30.0697    -211.3765       3.6212
    100  1933    448209   16209  -3761124.5672   3636750.8783   3636185.2289     -31.8127    -211.7999      -6.9840
    101  1933    448210   16210  -3761126.5866   3636755.4678   3636189.1535     -33.7084    -211.2458      -0.9307
    102  1933    448211   16211  -3761122.2956   3636753.5696   3636185.8674     -35.3266    -211.4131      -6.4232
    103  1933    448212   16212  -3761122.1848   3636754.9097   3636186.1392     -36.3670    -211.6788      -5.5694
    104  1933    448213   16213  -3761118.5296   3636753.8803   3636183.8169     -38.1678    -211.6648      -9.6401
    105  1933    448214   16214  -3761118.5636   3636756.7243   3636185.0880     -40.1887    -211.7707      -7.2715
    106  1933    448215   16215  -3761118.0050   3636758.5481   3636186.1318     -41.8881    -211.4121      -5.9634
    107  1933    448216   16216  -3761122.4087   3636765.0226   3636193.1230     -43.4815    -210.0794       4.3260
    108  1933    448217   16217  -3761117.8951   3636763.3920   3636191.1199     -45.4468    -209.2103      -0.4096
    109  1933    448217   16217  -3761115.8723   3636764.0311   3636191.3678     -47.3123    -208.4283      -1.0950
    110  1933    448219   16219  -3761108.5028   3636759.9225   3636185.4991     -49.4813    -208.5618     -11.1404
    111  1933    448220   16220  -3761114.5940   3636768.1538   3636192.9268     -51.1646    -208.2670       1.3939
    112  1933    448221   16221  -3761110.4809   3636766.4743   3636190.5617     -52.8164    -207.8402      -3.3413
    113  1933    448222   16222  -3761110.6915   3636769.2861   3636192.9433     -54.6914    -207.0963      -0.2504
    114  1933    448223   16223  -3761108.2048   3636768.7726   3636191.9881     -56.0508    -206.6494      -2.5552
    115  1933    448224   16224  -3761104.6274   3636768.4468   3636190.1736     -58.3032    -206.5317      -5.8882
    116  1933    448225   16225  -3761107.5805   3636773.5060   3636194.3037     -59.8876    -206.3812       1.1005
    117  1933    448226   16226  -3761107.1451   3636775.2348   3636195.2628     -61.4330    -206.1049       2.3785
    118  1933    448227   16227  -3761104.0976   3636774.5702   3636194.2548     -63.0736    -205.4098      -0.3730
    119  1933    448227   16227  -3761102.2776   3636774.9943   3636194.3800     -64.6436    -204.7262      -1.1317
    120  1933    448229   16229  -3761103.0167   3636778.2692   3636196.9311     -66.4842    -204.2457       2.6315
    121  1933    448230   16230  -3761099.2543   3636775.6361   3636194.6167     -67.2065    -203.5419      -2.4111
    122  1933    448230   16230  -3761098.3582   3636775.7350   3636195.0499     -67.9006    -202.8571      -2.6343
    123  1933    448232   16232  -3761097.6258   3636778.3133   3636197.3765     -70.2632    -201.6765      -0.2633
    124  1933    448233   16233  -3761095.0616   3636777.1827   3636195.9727     -71.2328    -201.3192      -3.2225
    125  1933    448234   16234  -3761092.0862   3636776.6932   3636194.9085     -72.9492    -200.7697      -5.8639
    126  1933    448234   16234  -3761090.1556   3636776.9375   3636194.8865     -74.4668    -200.0894      -6.8746
    127  1933    448235   16235  -3761091.0415   3636780.4150   3636197.5921     -76.3510    -199.6236      -2.8210
    128  1933    448236   16236  -3761094.0190   3636786.1146   3636203.2456     -78.3786    -198.4902       5.4201
    129  1933    448237   16237  -3761089.1249   3636783.9499   3636201.1376     -80.2245    -197.3375       0.0960
    130  1933    448238   16238  -3761085.0346   3636782.7216   3636199.4004     -82.1846    -196.5854      -4.0088
    131  1933    448239   16239  -3761087.0408   3636787.9289   3636203.7693     -84.5336    -195.9080       2.6435
    132  1933    448240   16240  -3761082.4305   3636785.6612   3636201.9941     -86.1080    -194.5586      -2.3814
    133  1933    448241   16241  -3761081.8867   3636787.4565   3636203.7343     -87.7767    -193.6241      -0.6816
    134  1933    448242   16242  -3761081.5312   3636789.5782   3636205.7446     -89.5491    -192.6760       1.4700
    135  1933    448243   16243  -3761077.7874   3636788.0731   3636203.9122     -91.0694    -192.0345      -2.6429
    136  1933    448244   16244  -3761077.0129   3636789.7157   3636205.0761     -92.7887    -191.4163      -1.4963
    137  1933    448245   16245  -3761075.3905   3636790.3842   3636205.1859     -94.3970    -190.9241      -2.0082
    138  1933    448246   16246  -3761073.3582   3636791.0809   3636205.0694     -96.3105    -190.4595      -2.8753
    139  1933    448247   16247  -3761072.7233   3636792.9771   3636206.4635     -98.1150    -189.8113      -1.3700
    140  1933    448248   16248  -3761068.5538   3636791.0023   3636204.1544     -99.5937    -189.1977      -6.2745
    141  1933    448249   16249  -3761068.6542   3636793.1145   3636206.5172    -101.0424    -188.1450      -3.6577
    142  1933    448250   16250  -3761069.4027   3636796.3478   3636209.4106    -102.8465    -187.3714       0.2835
    143  1933    448251   16251  -3761066.9838   3636796.0190   3636209.3664    -104.2915    -186.2795      -1.3540
    144  1933    448253   16253  -3761067.9526   3636799.3920   3636212.5388    -106.0430    -185.4238       2.9565
    145  1933    448254   16254  -3761059.5420   3636793.1290   3636207.1915    -107.3868    -183.8426      -8.6301
    146  1933    448255   16255  -3761060.4394   3636795.1570   3636210.0443    -108.2209    -182.6833      -5.3110
    147  1933    448256   16256  -3761058.1612   3636794.7191   3636210.4710    -109.4897    -181.2202      -6.6576
    148  1933    448257   16257  -3761062.2529   3636800.1384   3636216.8333    -110.5415    -179.8535       2.4865
    149  1933    448258   16258  -3761058.0631   3636797.8815   3636214.9878    -111.8314    -178.7393      -2.3248
    150  1933    448259   16259  -3761059.9193   3636801.0156   3636218.9577    -112.7942    -177.5007       2.8296
    151  1933    448260   16260  -3761054.3837   3636797.4464   3636216.0103    -114.0762    -176.2116      -4.1535
    152  1933    448261   16261  -3761053.1329   3636797.9264   3636217.2650    -115.2907    -174.8593      -3.8975
    153  1933    448262   16262  -3761054.9953   3636801.1209   3636220.4897    -116.2927    -174.2579       0.8676
    154  1933    448263   16263  -3761051.3253   3636799.2292   3636219.3719    -117.4837    -172.9073      -3.0123
    155  1933    448264   16264  -3761051.6130   3636801.2151   3636222.6119    -118.7115    -171.1627       0.1457
    156  1933    448265   16265  -3761049.2099   3636799.4504   3636222.5658    -119.1132    -169.5067      -2.3012
    157  1933    448266   16266  -3761053.3381   3636804.9347   3636229.7716    -120.1863    -167.4899       7.3850
    158  1933    448267   16267  -3761046.8156   3636799.6187   3636226.6392    -120.8985    -165.2495      -1.2803
    159  1933    448268   16268  -3761048.1137   3636803.3519   3636232.8210    -122.6800    -162.2073       5.1547
    160  1933    448269   16269  -3761047.2482   3636803.0398   3636234.5358    -123.0573    -160.3213       5.4503
    161  1933    448270   16270  -3761040.6551   3636797.5633   3636231.3021    -123.7032    -158.0708      -3.4062
    162  1933    448270   16270  -3761039.3833   3636797.1812   3636233.0975    -124.3125    -155.9233      -3.3435
    163  1933    448272   16272  -3761044.7200   3636803.5961   3636241.7138    -125.2146    -153.6197       8.3932
    164  1933    448273   16273  -3761037.6721   3636797.1617   3636237.0558    -125.4880    -151.9671      -2.0931
    165  1933    448274   16274  -3761037.8478   3636797.2935   3636239.6088    -125.4606    -150.0002      -0.4509
    166  1933    448275   16275  -3761041.4314   3636799.1372   3636244.9185    -124.2951    -147.8617       5.7541
    167  1933    448276   16276  -3761041.5603   3636797.7009   3636247.2161    -123.1729    -145.4599       6.3292
    168  1933    448276   16276  -3761039.8054   3636794.4855   3636246.9150    -122.0812    -143.7019       3.2917
    169  1933    448277   16277  -3761039.4169   3636792.8475   3636247.8949    -121.1738    -142.0861       2.6918
    170  1933    448278   16278  -3761041.8595   3636794.2137   3636252.1042    -120.4580    -140.1885       7.3218
    171  1933    448279   16279  -3761038.8467   3636790.1120   3636250.2411    -119.6035    -138.8386       2.1431
    172  1933    448280   16280  -3761039.6122   3636789.9375   3636252.4884    -118.9459    -137.2433       3.7830
    173  1933    448281   16281  -3761040.7637   3636789.9112   3636254.9045    -118.1267    -135.7278       5.8315
    174  1933    448282   16282  -3761040.7068   3636788.5262   3636256.2609    -117.1705    -134.0411       5.7869
    175  1933    448283   16283  -3761040.9942   3636787.3724   3636257.7170    -116.1413    -132.5067       6.1338
    176  1933    448284   16284  -3761039.4174   3636784.4794   3636257.2139    -115.1575    -131.1161       3.2690
    177  1933    448285   16285  -3761040.0301   3636783.7820   3636258.7963    -114.2303    -129.7942       4.1399
    178  1933    448286   16286  -3761039.9735   3636781.9728   3636259.4252    -112.9690    -128.5345       3.4367
    179  1933    448287   16287  -3761041.0278   3636781.2939   3636261.0257    -111.7481    -127.3871       4.5887
    180  1933    448288   16288  -3761040.4637   3636779.2429   3636261.3083    -110.6658    -126.1057       3.2503
    181  1933    448289   16289  -3761037.7911   3636775.5438   3636259.6113    -109.8642    -124.9204      -1.4035
    182  1933    448290   16290  -3761040.0426   3636776.2419   3636262.7468    -108.8011    -123.5576       2.1179
    183  1933    448291   16291  -3761039.5518   3636774.2844   3636263.1813    -107.7350    -122.2192       0.9631
    184  1933    448292   16292  -3761041.2989   3636774.7298   3636266.3809    -106.8407    -120.4953       4.0802
    185  1933    448293   16293  -3761038.5942   3636771.1535   3636265.2603    -106.1498    -118.8734      -0.1922
    186  1933    448294   16294  -3761039.8758   3636771.5549   3636268.0641    -105.5475    -117.2644       2.3988
    187  1933    448295   16295  -3761041.3483   3636771.7115   3636270.9880    -104.6366    -115.5380       5.0316
    188  1933    448296   16296  -3761040.2154   3636769.0768   3636271.1489    -103.5300    -113.8893       2.9560
    189  1933    448297   16297  -3761039.4181   3636766.5890   3636271.3674    -102.2958    -112.3902       1.1948
    190  1933    448298   16298  -3761039.4316   3636765.0589   3636272.1066    -101.1863    -111.1803       0.7551
    191  1933    448299   16299  -3761039.6040   3636763.9797   3636273.3355    -100.2907    -109.8144       0.9466
    192  1933    448300   16300  -3761037.3986   3636760.0867   3636271.7754     -99.0251    -108.6322      -3.4640
    193  1933    448301   16301  -3761038.0122   3636759.0496   3636273.2080     -97.8529    -107.2980      -2.8719
    194  1933    448302   16302  -3761038.7213   3636757.8020   3636274.4500     -96.4631    -106.0754      -2.4528
    195  1933    448303   16303  -3761037.6961   3636754.8535   3636274.2115     -95.0561    -104.6733      -4.8726
    196  1933    448304   16304  -3761039.7876   3636755.8537   3636276.6749     -94.3213    -103.9156      -1.6588
    197  1933    448305   16305  -3761041.3917   3636756.2636   3636278.7932     -93.5009    -103.0045       0.7340
    198  1933    448306   16306  -3761037.9970   3636751.4077   3636276.1777     -92.3698    -101.8131      -5.5306
    199  1933    448307   16307  -3761036.9131   3636748.9935   3636275.6109     -91.3877    -100.8687      -7.8690
    200  1933    448308   16308  -3761029.3738   3636741.1249   3636268.3363     -90.9715    -100.5857     -20.9618
    201  1933    448309   16309  -3761038.4126   3636748.7313   3636278.0533     -90.1568     -99.3811      -5.7347
    202  1933    448310   16310  -3761038.9735   3636748.9211   3636280.0688     -89.9033     -98.0365      -4.1407
    203  1933    448311   16311  -3761035.3995   3636744.8236   3636277.1170     -89.4420     -97.3490     -10.2718
    204  1933    448312   16312  -3761032.9499   3636741.5712   3636275.7234     -88.8066     -96.1850     -14.3661
    205  1933    448313   16313  -3761031.3049   3636739.1683   3636275.1976     -88.2227     -94.9801     -17.0049
    206  1933    448314   16314  -3761033.2082   3636740.0694   3636278.0598     -87.5474     -93.7787     -13.7297
    207  1933    448315   16315  -3761035.5089   3636740.8610   3636280.8521     -86.5173     -92.7546     -10.3228
    208  1933    448316   16316  -3761036.1130   3636740.1502   3636282.1513     -85.5864     -91.6558      -9.6270
    209  1933    448317   16317  -3761036.0039   3636738.7820   3636282.7790     -84.6786     -90.5513     -10.1106
    210  1933    448318   16318  -3761036.3615   3636737.6562   3636283.5999     -83.6207     -89.5775     -10.0705
    211  1933    448319   16319  -3761036.8123   3636736.4302   3636284.2097     -82.4259     -88.7750     -10.1536
    212  1933    448320   16320  -3761037.2263   3636735.2770   3636284.9633     -81.3091     -87.8686     -10.1345
    213  1933    448321   16321  -3761037.4006   3636734.0345   3636285.6938     -80.2948     -86.8468     -10.3206
    214  1933    448322   16322  -3761037.8201   3636733.0552   3636286.6908     -79.2992     -85.8126     -10.0596
    215  1933    448323   16323  -3761042.1836   3636735.3599   3636291.0344     -77.9228     -84.9707      -3.6866
    216  1933    448324   16324  -3761034.0120   3636726.8583   3636282.2638     -77.4913     -85.4006     -18.3700
    217  1933    448325   16325  -3761040.4817   3636731.5998   3636288.0887     -76.4027     -85.1842      -8.5194
    218  1933    448326   16326  -3761058.5796   3636744.4692   3636304.6551     -73.0743     -84.1988      18.9679
    219  1933    448327   16327  -3761048.6993   3636731.0847   3636293.9295     -70.3203     -83.5804      -0.6238
    220  1933    448328   16328  -3761052.8192   3636731.4691   3636296.8005     -67.7327     -83.0793       3.6678
    221  1933    448329   16329  -3761058.1951   3636732.4877   3636300.7894     -64.7281     -82.4328       9.7013
    222  1933    448330   16330  -3761059.1683   3636729.0632   3636299.7688     -61.5898     -82.3053       7.7390
    223  1933    448331   16331  -3761072.5803   3636737.3894   3636311.1903     -58.2527     -81.7934      26.9292
    224  1933    448332   16332  -3761057.6142   3636717.0327   3636295.5282     -54.0214     -80.3448      -2.4593
    225  1933    448333   16333  -3761061.7022   3636716.7552   3636298.7977     -50.9803     -79.2403       1.6651
    226  1933    448334   16334  -3761064.2370   3636718.0536   3636302.3765     -50.1518     -77.8702       5.9494
    227  1933    448335   16335  -3761061.9465   3636714.3132   3636301.2839     -49.0549     -76.3307       1.8436
    228  1933    448336   16336  -3761072.3385   3636721.0366   3636312.5830     -46.6646     -74.0357      18.2718
    229  1933    448337   16337  -3761062.0388   3636709.6074   3636304.4969     -45.6078     -71.8609       1.0599
    230  1933    448338   16338  -3761067.9835   3636712.9403   3636311.8332     -43.8715     -69.6285      10.6657
    231  1933    448339   16339  -3761055.9083   3636700.0641   3636301.7777     -43.0086     -67.7588      -9.5452
    232  1933    448340   16340  -3761057.9145   3636700.3831   3636304.9023     -41.8433     -66.1528      -6.3904
    233  1933    448341   16341  -3761056.5842   3636698.3359   3636305.1292     -41.2963     -64.6027      -8.2098
    234  1933    448342   16342  -3761057.8089   3636698.8095   3636308.1635     -40.7855     -62.8101      -5.4791
    235  1933    448343   16343  -3761056.5871   3636696.6228   3636308.7715     -40.0627     -60.9370      -7.0956
    236  1933    448344   16344  -3761059.6729   3636698.3194   3636313.5188     -39.1375     -58.9953      -1.5900
    237  1933    448345   16345  -3761060.3328   3636697.3668   3636315.8772     -37.9940     -56.9554      -0.3917
    238  1933    448346   16346  -3761056.5543   3636692.1345   3636313.2353     -36.8589     -55.4774      -7.1120
    239  1933    448347   16347  -3761058.7099   3636692.3638   3636316.2874     -35.5254     -53.9566      -3.9618
    240  1933    448348   16348  -3761061.7484   3636692.9316   3636320.2370     -33.8215     -52.1992       0.4157
    241  1933    448349   16349  -3761066.9978   3636695.0414   3636325.9759     -31.6892     -50.5015       7.9995
    242  1933    448350   16350  -3761058.3618   3636685.0717   3636318.7422     -30.5251     -48.8957      -6.9125
    243  1933    448351   16351  -3761062.4529   3636687.0398   3636323.4119     -29.0961     -47.5402      -0.7047
    244  1933    448352   16352  -3761059.8333   3636682.8436   3636321.4532     -27.9004     -46.3930      -5.7605
    245  1933    448353   16353  -3761064.4199   3636685.2226   3636326.8221     -26.4225     -44.8327       1.3741
    246  1933    448354   16354  -3761058.7367   3636678.2353   3636322.0552     -25.3498     -43.6112      -8.6858
    247  1933    448355   16355  -3761060.3059   3636678.0667   3636324.4991     -24.1378     -42.1885      -6.4564
    248  1933    448356   16356  -3761063.0877   3636679.1462   3636328.1667     -22.9802     -40.7603      -2.1004
    249  1933    448357   16357  -3761061.3363   3636675.6031   3636327.1402     -21.6505     -39.4674      -5.7384
