% 2018îN 6åé 28ì˙ 17éû 3ï™ 19.905000ïb é¿çs
%------------------------------------------------------------------------------------------------------------------------------
Observation File :  2018_6_27_8_39.18o
Ephemeris_N File :  brdc1780.18n
Ephemeris_G File :  Nothing
IONEX       File :  Nothing
IGS SP3     File :  Nothing
START       TIME :  2018/ 6/27  8:39:12
END         TIME :  2018/ 6/27  8:40:27
True Position[m] :  X = -3761063.4990,  Y = 3636647.5780,  Z = 3636362.7670

%------------------------------------------------------------------------------------------------------------------------------
% Epoch  WEEK      ToW     ToD        X[m]           Y[m]           Z[m]          East[m]     North[m]        Up[m] 
%------------------------------------------------------------------------------------------------------------------------------
      1  2007    290352   31152  -3761029.2842   3636630.6149   3636299.0182     -11.5885     -31.3691     -66.3626
      2  2007    290353   31153  -3761027.1728   3636637.4686   3636298.5207     -17.9833     -33.6379     -63.9881
      3  2007    290354   31154  -3761028.5082   3636643.6061   3636294.7690     -21.4673     -39.7081     -61.8570
      4  2007    290355   31155  -3761027.8897   3636648.8319   3636292.3265     -25.6541     -43.5370     -60.6454
      5  2007    290356   31156  -3761028.2471   3636651.3917   3636291.0200     -27.2458     -45.7749     -59.7260
      6  2007    290357   31157  -3761027.3358   3636655.6085   3636289.7757     -30.9108     -48.0993     -58.5746
      7  2007    290358   31158  -3761026.7700   3636657.9262   3636288.6573     -32.9702     -49.7061     -58.2291
      8  2007    290359   31159  -3761026.1166   3636660.0191   3636288.3803     -34.9290     -50.4978     -57.5808
      9  2007    290360   31160  -3761026.1828   3636661.0528   3636287.8197     -35.6261     -51.3964     -57.2744
     10  2007    290361   31161  -3761024.8399   3636665.3407   3636286.1082     -39.6421     -53.9540     -56.6046
     11  2007    290362   31162  -3761024.4181   3636667.4272   3636285.5900     -41.4353     -55.0362     -55.9619
     12  2007    290363   31163  -3761024.0370   3636670.4738   3636284.6930     -43.8905     -56.8282     -54.9654
     13  2007    290364   31164  -3761024.4701   3636671.2893   3636284.2119     -44.1756     -57.7259     -54.5217
     14  2007    290365   31165  -3761023.3135   3636675.2890   3636282.6661     -47.8549     -60.1097     -53.8112
     15  2007    290366   31166  -3761022.3070   3636677.6667   3636282.0219     -50.2640     -61.1703     -53.4192
     16  2007    290367   31167  -3761022.5262   3636678.0111   3636282.0428     -50.3591     -61.3808     -53.0820
     17  2007    290368   31168  -3761021.9538   3636679.4997   3636281.8398     -51.8272     -61.9044     -52.6877
     18  2007    290369   31169  -3761021.2228   3636682.0120   3636281.1242     -54.1414     -63.1906     -52.0977
     19  2007    290370   31170  -3761021.1624   3636683.1504   3636280.7889     -55.0018     -63.8942     -51.6772
     20  2007    290371   31171  -3761020.9657   3636684.7427   3636280.1881     -56.2832     -64.9399     -51.2307
     21  2007    290372   31172  -3761019.3125   3636688.0094   3636279.2498     -59.7808     -66.3291     -50.8819
     22  2007    290373   31173  -3761019.0656   3636688.9745   3636279.2156     -60.6462     -66.6401     -50.4973
     23  2007    290374   31174  -3761019.1780   3636690.5000   3636278.8162     -61.6647     -67.6215     -49.7912
     24  2007    290375   31175  -3761018.7179   3636692.5223   3636278.4636     -63.4384     -68.5268     -49.1126
     25  2007    290376   31176  -3761017.9011   3636694.7066   3636277.7263     -65.5765     -69.6647     -48.7724
     26  2007    290377   31177  -3761018.1141   3636695.7370   3636277.3151     -66.1691     -70.5000     -48.2959
     27  2007    290378   31178  -3761018.1435   3636696.9234   3636277.0015     -67.0016     -71.2419     -47.7826
     28  2007    290379   31179  -3761017.0399   3636699.4480   3636276.0881     -69.5836     -72.5416     -47.5185
     29  2007    290380   31180  -3761018.1552   3636699.1626   3636276.3103     -68.6032     -72.7054     -46.8968
     30  2007    290381   31181  -3761018.2399   3636700.0850   3636276.0640     -69.2074     -73.3098     -46.4628
     31  2007    290382   31182  -3761019.5743   3636699.6199   3636276.2074     -67.9456     -73.5569     -45.8595
     32  2007    290383   31183  -3761020.4616   3636698.8963   3636276.5486     -66.8086     -73.3547     -45.5533
     33  2007    290384   31184  -3761027.8923   3636691.3017   3636278.0009     -56.1837     -72.2008     -44.6692
     34  2007    290385   31185  -3761030.5656   3636688.8096   3636278.6444     -52.5339     -71.7821     -44.1450
     35  2007    290386   31186  -3761032.8324   3636684.7759   3636279.5848     -48.0583     -70.3385     -44.5680
     36  2007    290387   31187  -3761031.0784   3636686.6028   3636278.7032     -50.5909     -71.0659     -45.0661
     37  2007    290388   31188  -3761028.9066   3636688.5917   3636277.4943     -53.5304     -71.9538     -45.9057
     38  2007    290389   31189  -3761026.7380   3636689.9699   3636276.1506     -56.0286     -72.7102     -47.1685
     39  2007    290390   31190  -3761024.5357   3636691.3597   3636274.7850     -58.5586     -73.4753     -48.4571
     40  2007    290391   31191  -3761024.1791   3636692.7320   3636274.7286     -59.7930     -73.9215     -47.9179
     41  2007    290392   31192  -3761023.8555   3636694.1024   3636274.6622     -61.0031     -74.3886     -47.3660
     42  2007    290393   31193  -3761023.3427   3636694.9083   3636274.4021     -61.9390     -74.7115     -47.3582
     43  2007    290394   31194  -3761022.2987   3636696.5276   3636273.8660     -63.8287     -75.3658     -47.3582
     44  2007    290395   31195  -3761020.9563   3636698.2419   3636273.1621     -65.9942     -76.0725     -47.5762
     45  2007    290396   31196  -3761020.8600   3636698.8992   3636273.1892     -66.5337     -76.2725     -47.2430
     46  2007    290397   31197  -3761020.4969   3636699.6425   3636273.0621     -67.3205     -76.5232     -47.1064
     47  2007    290398   31198  -3761019.3535   3636701.2807   3636272.5118     -69.2930     -77.1557     -47.1624
     48  2007    290399   31199  -3761018.2937   3636702.8964   3636271.9957     -71.1912     -77.7856     -47.1624
     49  2007    290400   31200  -3761017.7717   3636703.7061   3636271.7276     -72.1362     -78.1128     -47.1624
     50  2007    290401   31201  -3761016.9160   3636705.2524   3636271.3406     -73.8425     -78.6935     -47.0076
     51  2007    290402   31202  -3761016.3763   3636706.0577   3636271.0951     -74.7966     -78.9930     -47.0076
     52  2007    290403   31203  -3761016.1696   3636706.1326   3636270.9488     -74.9941     -79.0576     -47.1706
     53  2007    290404   31204  -3761016.2955   3636705.9583   3636270.9763     -74.7813     -79.0175     -47.1799
     54  2007    290405   31205  -3761015.1922   3636707.4672   3636270.5123     -76.6330     -79.5443     -47.2364
     55  2007    290406   31206  -3761012.2332   3636711.5306   3636269.2141     -81.6110     -81.0077     -47.4094
     56  2007    290407   31207  -3761007.4259   3636718.2992   3636267.0384     -89.8186     -83.5064     -47.6334
     57  2007    290408   31208  -3761000.2857   3636728.3120   3636263.9664    -101.9800     -87.0709     -47.8978
     58  2007    290409   31209  -3760994.0487   3636737.1278   3636261.2390    -112.6531     -90.2482     -48.1143
     59  2007    290410   31210  -3760987.9272   3636746.0765   3636258.4096    -123.3415     -93.6096     -48.2455
     60  2007    290411   31211  -3760982.3506   3636754.5177   3636255.6072    -133.2863     -96.9713     -48.3294
     61  2007    290412   31212  -3760980.6939   3636757.4652   3636254.4005    -136.5568     -98.4518     -48.3183
     62  2007    290413   31213  -3760980.7871   3636757.8130   3636254.0620    -136.7421     -98.9062     -48.2594
     63  2007    290414   31214  -3760980.3283   3636759.3716   3636253.1273    -138.1814    -100.1040     -48.1779
     64  2007    290415   31215  -3760979.8613   3636760.5340   3636252.5714    -139.3417    -100.8303     -48.1096
     65  2007    290416   31216  -3760980.0900   3636760.5411   3636252.4072    -139.1878    -101.0619     -48.0650
     66  2007    290417   31217  -3760979.5963   3636761.6134   3636251.9368    -140.3019    -101.6712     -48.0148
     67  2007    290418   31218  -3760979.0950   3636762.8371   3636251.3074    -141.5300    -102.4679     -47.9740
     68  2007    290419   31219  -3760980.0944   3636761.6565   3636251.5387    -139.9866    -102.2198     -47.9251
     69  2007    290420   31220  -3760981.6412   3636759.7108   3636251.9479    -137.5127    -101.7467     -47.8876
     70  2007    290421   31221  -3760982.9749   3636758.0603   3636252.2817    -135.3990    -101.3652     -47.8507
     71  2007    290422   31222  -3760984.4414   3636756.4054   3636252.5021    -133.1899    -101.1295     -47.8030
     72  2007    290423   31223  -3760988.2388   3636751.0344   3636254.0227    -126.6891     -99.3082     -47.7534
     73  2007    290424   31224  -3760990.8610   3636747.5125   3636254.9004    -122.3345     -98.2663     -47.7115
     74  2007    290425   31225  -3760993.6167   3636743.6865   3636255.9318    -117.6685     -97.0323     -47.6761
     75  2007    290426   31226  -3760996.3757   3636739.8072   3636257.0033    -112.9618     -95.7455     -47.6461
     76  2007    290427   31227  -3760998.0250   3636737.7165   3636257.4387    -110.3124     -95.2354     -47.6157
