% 2018îN 4åé 19ì˙ 16éû 52ï™ 36.640000ïb é¿çs
%------------------------------------------------------------------------------------------------------------------------------
Observation File :  2018_4_18_8_9.18o
Ephemeris_N File :  brdc1080.18n
Ephemeris_G File :  Nothing
IONEX       File :  Nothing
IGS SP3     File :  Nothing
START       TIME :  2018/ 4/18  8: 9:54
END         TIME :  2018/ 4/18  8:11: 3
True Position[m] :  X = -3761063.4990,  Y = 3636647.5780,  Z = 3636362.7670

%------------------------------------------------------------------------------------------------------------------------------
% Epoch  WEEK      ToW     ToD        X[m]           Y[m]           Z[m]          East[m]     North[m]        Up[m] 
%------------------------------------------------------------------------------------------------------------------------------
      1  1997    288594   29394  -3761071.1411   3636717.3867   3636332.9990     -44.8731     -55.3601      27.1928
      2  1997    288595   29395  -3761070.3499   3636719.9746   3636330.8487     -47.2835     -57.8272      26.9678
      3  1997    288596   29396  -3761072.0890   3636720.0869   3636328.4626     -46.1554     -60.5437      26.6881
      4  1997    288597   29397  -3761072.5716   3636719.8010   3636327.9894     -45.6144     -61.0164      26.5382
      5  1997    288598   29398  -3761073.6832   3636719.9768   3636326.2254     -44.9681     -62.9899      26.2818
      6  1997    288599   29399  -3761074.7934   3636719.1661   3636325.7655     -43.6136     -63.5012      26.2103
      7  1997    288600   29400  -3761076.1352   3636717.9393   3636325.3322     -41.7989     -63.9204      26.0535
      8  1997    288601   29401  -3761076.2250   3636717.8843   3636325.1324     -41.6969     -64.0991      25.9605
      9  1997    288602   29402  -3761076.6659   3636717.6541   3636324.2265     -41.2250     -64.9313      25.5698
     10  1997    288603   29403  -3761077.6470   3636717.4053   3636324.6844     -40.3641     -64.8614      26.2685
     11  1997    288604   29404  -3761086.0767   3636714.6003   3636321.9916     -32.4881     -69.4242      28.0923
     12  1997    288605   29405  -3761093.6062   3636712.2598   3636319.5971     -25.5716     -73.5568      29.8215
     13  1997    288606   29406  -3761101.3350   3636709.8121   3636315.4826     -18.4395     -79.1379      30.6209
     14  1997    288607   29407  -3761106.7862   3636707.2187   3636315.6915     -12.7859     -80.1799      32.4745
     15  1997    288608   29408  -3761114.4281   3636705.6832   3636313.9178      -6.3700     -84.1710      35.0842
     16  1997    288609   29409  -3761121.6719   3636703.9815   3636311.6996      -0.1114     -88.2959      37.1100
     17  1997    288610   29410  -3761125.4514   3636702.5875   3636311.1653       3.5179     -89.7358      38.2360
     18  1997    288611   29411  -3761123.2849   3636702.9225   3636313.7321       1.7712     -86.8733      38.6223
     19  1997    288612   29412  -3761121.4603   3636702.8157   3636316.9065       0.5796     -83.4778      39.3066
     20  1997    288613   29413  -3761120.4420   3636702.9937   3636317.9457      -0.2562     -82.2777      39.4040
     21  1997    288614   29414  -3761121.2445   3636702.6647   3636315.9927       0.5382     -84.0775      38.5696
     22  1997    288615   29415  -3761125.7930   3636703.1338   3636309.9766       3.3626     -91.0683      38.0668
     23  1997    288616   29416  -3761126.8572   3636703.1879   3636308.8404       4.0636     -92.4593      38.0730
     24  1997    288617   29417  -3761127.4699   3636703.1515   3636307.8585       4.5156     -93.5019      37.8502
     25  1997    288618   29418  -3761128.2616   3636703.1906   3636307.4355       5.0378     -94.1903      38.0963
     26  1997    288619   29419  -3761129.6359   3636703.4043   3636306.1697       5.8395     -95.8791      38.3018
     27  1997    288620   29420  -3761130.3757   3636703.5681   3636305.7459       6.2359     -96.5965      38.5879
     28  1997    288621   29421  -3761131.0999   3636703.8050   3636305.3845       6.5691     -97.2855      38.9421
     29  1997    288622   29422  -3761132.2022   3636704.3095   3636303.8401       6.9726     -99.2062      38.9933
     30  1997    288623   29423  -3761132.9913   3636704.7533   3636301.4083       7.2021    -101.7008      38.3166
     31  1997    288624   29424  -3761133.7812   3636705.2455   3636299.0630       7.3973    -104.1440      37.7176
     32  1997    288625   29425  -3761134.8540   3636705.8438   3636297.6113       7.7129    -106.0141      37.8579
     33  1997    288626   29426  -3761134.7952   3636705.8307   3636297.4416       7.6814    -106.1237      37.7186
     34  1997    288627   29427  -3761135.6829   3636706.4360   3636295.5488       7.8633    -108.2816      37.5010
     35  1997    288628   29428  -3761136.1508   3636706.8365   3636294.8603       7.9007    -109.1982      37.6099
     36  1997    288629   29429  -3761136.5127   3636707.2849   3636294.0430       7.8299    -110.1957      37.6099
     37  1997    288630   29430  -3761136.6361   3636707.3084   3636294.3932       7.8988    -109.9690      37.8967
     38  1997    288631   29431  -3761137.4720   3636708.1144   3636292.8031       7.9003    -111.9375      37.9365
     39  1997    288632   29432  -3761138.3952   3636708.8569   3636291.2796       8.0083    -113.8622      38.0297
     40  1997    288633   29433  -3761138.8601   3636709.2032   3636290.4730       8.0825    -114.8528      38.0383
     41  1997    288634   29434  -3761139.7365   3636710.0106   3636288.9830       8.1113    -116.7565      38.1601
     42  1997    288635   29435  -3761140.1660   3636710.4559   3636288.3166       8.0898    -117.6570      38.2846
     43  1997    288636   29436  -3761141.0542   3636711.1847   3636286.6802       8.1832    -119.6543      38.2846
     44  1997    288637   29437  -3761141.4803   3636711.5685   3636285.8610       8.2035    -120.6541      38.2846
     45  1997    288638   29438  -3761142.2783   3636712.3923   3636284.2229       8.1659    -122.6534      38.2846
     46  1997    288639   29439  -3761142.3074   3636712.3983   3636284.3062       8.1819    -122.5995      38.3529
     47  1997    288640   29440  -3761143.4355   3636713.7438   3636281.9666       7.9987    -125.5176      38.4424
     48  1997    288641   29441  -3761143.4790   3636713.7491   3636282.0855       8.0252    -125.4403      38.5392
     49  1997    288642   29442  -3761143.8530   3636714.2164   3636281.3447       7.9491    -126.3876      38.6009
     50  1997    288643   29443  -3761144.1261   3636714.7462   3636280.5489       7.7581    -127.3633      38.6072
     51  1997    288644   29444  -3761144.3832   3636715.2843   3636279.7412       7.5500    -128.3455      38.6021
     52  1997    288645   29445  -3761145.5084   3636716.6352   3636277.3806       7.3610    -131.2817      38.6809
     53  1997    288646   29446            NaN            NaN            NaN          NaN          NaN          NaN
     54  1997    288647   29447            NaN            NaN            NaN          NaN          NaN          NaN
     55  1997    288648   29448            NaN            NaN            NaN          NaN          NaN          NaN
     56  1997    288649   29449  -3761062.8029   3636819.6872   3636284.6513    -124.2127    -132.3056      52.8257
     57  1997    288650   29450  -3761064.4013   3636820.4260   3636282.2824    -123.6328    -135.1997      52.8298
     58  1997    288651   29451  -3761065.4839   3636820.4102   3636281.1874    -122.8689    -136.5368      52.8307
     59  1997    288652   29452  -3761066.6172   3636820.2526   3636280.1805    -121.9678    -137.7661      52.8312
     60  1997    288653   29453  -3761067.7445   3636820.0980   3636279.1777    -121.0731    -138.9907      52.8322
     61  1997    288654   29454  -3761071.0975   3636819.6078   3636276.2212    -118.3899    -142.5997      52.8330
     62  1997    288655   29455  -3761072.0899   3636819.3397   3636275.4675    -117.5074    -143.5194      52.8327
     63  1997    288656   29456            NaN            NaN            NaN          NaN          NaN          NaN
     64  1997    288657   29457            NaN            NaN            NaN          NaN          NaN          NaN
     65  1997    288658   29458            NaN            NaN            NaN          NaN          NaN          NaN
     66  1997    288659   29459            NaN            NaN            NaN          NaN          NaN          NaN
     67  1997    288660   29460            NaN            NaN            NaN          NaN          NaN          NaN
     68  1997    288661   29461  -3761064.1036   3636767.3521   3636274.3735     -85.6850    -120.4057      17.8930
     69  1997    288662   29462  -3761064.8614   3636765.2155   3636276.7990     -83.6222    -117.8792      18.5131
     70  1997    288663   29463  -3761065.8294   3636763.3301   3636277.7779     -81.5940    -116.7248      18.5707
