% 2016îN 12åé 17ì˙ 16éû 9ï™ 47.990000ïb é¿çs
%------------------------------------------------------------------------------------------------------------------------------
Observation File :  AndroidOBS.16o
Ephemeris_N File :  AndroidOBS.16n
Ephemeris_G File :  Nothing
IONEX       File :  Nothing
IGS SP3     File :  Nothing
START       TIME :  2016/12/17  6:39:5.400000e+000
END         TIME :  2016/12/17  6:40:1.040000e+001
True Position[m] :  X = -3748111.4801,  Y = 3635877.5482,  Z = 3650437.2263

%------------------------------------------------------------------------------------------------------------------------------
% Epoch  WEEK      ToW     ToD        X[m]           Y[m]           Z[m]          East[m]     North[m]        Up[m] 
%------------------------------------------------------------------------------------------------------------------------------
      1  1927    542345   23945  -3761118.0289   3636771.6989   3636298.6863    8414.3854  -17293.5307       6.4739
      2  1927    542346   23946  -3761120.2723   3636775.5388   3636297.7560    8413.1914  -17296.7570       9.4418
      3  1927    542347   23947  -3761121.0944   3636772.4241   3636299.4890    8415.9994  -17294.4313       9.1482
      4  1927    542348   23948  -3761120.3027   3636769.2961   3636300.2272    8417.6933  -17292.2471       7.3273
      5  1927    542349   23949  -3761116.8814   3636769.4273   3636300.1958    8415.2170  -17290.9119       5.3757
      6  1927    542350   23950  -3761117.1199   3636762.6891   3636301.3575    8420.2195  -17287.3603       2.3476
      7  1927    542351   23951  -3761117.6737   3636749.0421   3636304.0420    8430.4006  -17279.9250      -3.5530
      8  1927    542352   23952  -3761116.6674   3636748.9176   3636303.0902    8429.7892  -17280.2377      -4.7624
      9  1927    542353   23953  -3761114.6219   3636742.6788   3636301.7413    8432.8431  -17277.9957     -10.2917
     10  1927    542354   23954  -3761114.2326   3636739.9063   3636303.2640    8434.5620  -17275.4786     -11.2226
     11  1927    542355   23955  -3761117.5752   3636741.2390   3636304.4360    8435.9328  -17276.4351      -7.8272
     13  1927    542357   23957  -3761115.3091   3636735.7349   3636308.5410    8438.3056  -17269.9363      -9.9288
     14  1927    542358   23958  -3761116.5326   3636731.8325   3636307.7126    8441.9586  -17269.5554     -11.9094
     15  1927    542359   23959  -3761114.3304   3636726.0589   3636313.3600    8444.5694  -17261.7137     -13.2393
     16  1927    542360   23960  -3761110.8794   3636725.7596   3636311.3379    8442.3814  -17261.8218     -16.5992
     17  1927    542361   23961  -3761102.8723   3636717.2131   3636311.6643    8442.9407  -17254.8222     -25.9777
     18  1927    542362   23962  -3761100.0091   3636729.6536   3636307.4826    8432.0176  -17262.0444     -22.9814
     18  1927    542362   23962  -3761099.6157   3636736.7713   3636304.9154    8426.6347  -17266.8336     -20.6370
     19  1927    542363   23963  -3761098.3429   3636734.8522   3636303.6201    8427.1260  -17266.5980     -23.2223
     21  1927    542365   23965  -3761098.6860   3636727.5641   3636307.5772    8432.5961  -17260.5832     -24.8933
     21  1927    542365   23965  -3761101.1383   3636724.9223   3636310.3911    8436.1998  -17258.2364     -23.3386
     23  1927    542367   23967  -3761098.7394   3636722.8064   3636313.1459    8436.0482  -17254.1447     -24.3661
     24  1927    542368   23968  -3761094.0328   3636728.1773   3636316.9871    8428.9160  -17251.2114     -21.8598
     25  1927    542369   23969  -3761088.5091   3636725.6999   3636320.8907    8426.8482  -17244.7445     -24.2661
     26  1927    542370   23970  -3761088.3435   3636723.7849   3636323.9169    8428.1075  -17241.4339     -23.7120
     27  1927    542371   23971  -3761083.7523   3636722.7664   3636327.5820    8425.6418  -17236.1319     -24.8775
     28  1927    542372   23972  -3761084.2138   3636722.1874   3636325.2642    8426.3787  -17237.9860     -26.2702
     29  1927    542373   23973  -3761082.9019   3636717.3537   3636327.3579    8428.9347  -17233.7949     -28.5876
     30  1927    542374   23974  -3761085.9250   3636715.4726   3636323.6546    8432.3899  -17237.3184     -30.0156
     31  1927    542375   23975  -3761082.7255   3636713.5160   3636319.5900    8431.5665  -17238.5365     -35.3471
     32  1927    542376   23976  -3761082.9943   3636709.5071   3636319.7884    8434.6311  -17236.8788     -37.3578
     33  1927    542377   23977  -3761080.2215   3636706.5415   3636326.0578    8434.8291  -17229.4179     -37.0657
     34  1927    542378   23978  -3761077.8418   3636700.6217   3636324.1298    8437.4212  -17227.6393     -42.9429
     35  1927    542379   23979  -3761073.2457   3636692.6479   3636322.9245    8439.9445  -17223.5309     -50.8747
     36  1927    542380   23980  -3761065.5352   3636686.2944   3636328.4958    8439.1362  -17213.2436     -55.8118
     37  1927    542381   23981  -3761064.6059   3636681.5411   3636327.8241    8441.9009  -17211.5043     -59.4503
     38  1927    542382   23982  -3761061.4646   3636677.6248   3636326.8673    8442.5247  -17209.4196     -64.0749
     39  1927    542383   23983  -3761063.3416   3636676.6125   3636325.8475    8444.5581  -17210.6234     -64.1364
     40  1927    542384   23984  -3761064.5420   3636674.8871   3636328.0187    8446.6324  -17208.6522     -63.1647
     40  1927    542384   23984  -3761066.4901   3636676.1981   3636329.1672    8447.0479  -17209.0431     -60.6137
     42  1927    542386   23986  -3761067.2262   3636673.2895   3636334.8182    8449.6481  -17203.5604     -58.5855
     43  1927    542387   23987  -3761071.4732   3636676.3225   3636338.1917    8450.4282  -17203.7715     -52.4240
     44  1927    542388   23988  -3761074.4045   3636679.8075   3636338.3502    8449.9678  -17206.2493     -48.6277
     45  1927    542389   23989  -3761077.3637   3636678.6567   3636339.8079    8452.8542  -17205.8186     -46.7071
     46  1927    542390   23990  -3761076.7182   3636676.3562   3636339.1179    8454.0560  -17205.1942     -48.7931
     47  1927    542391   23991  -3761078.1233   3636677.0947   3636339.1368    8454.5042  -17206.0552     -47.5369
     48  1927    542392   23992  -3761076.2419   3636678.0015   3636338.3241    8452.5434  -17206.3061     -48.5926
     49  1927    542393   23993  -3761075.0672   3636675.1316   3636337.5349    8453.7854  -17205.3161     -51.3704
     50  1927    542394   23994  -3761071.3486   3636669.7995   3636345.9708    8455.0235  -17194.7444     -51.7342
     51  1927    542395   23995  -3761074.0648   3636669.1883   3636343.0333    8457.3534  -17198.0238     -52.1785
     52  1927    542396   23996  -3761078.7705   3636664.2959   3636351.3604    8464.1415  -17191.1975     -47.4096
     53  1927    542397   23997  -3761083.1553   3636662.6363   3636357.8766    8468.3858  -17187.0150     -42.0304
     54  1927    542398   23998  -3761088.6272   3636659.9276   3636354.5146    8474.1400  -17190.9394     -42.2959
     55  1927    542399   23999  -3761091.7879   3636657.3971   3636359.6901    8478.1569  -17186.9986     -38.9028
     56  1927    542400   24000  -3761092.6979   3636656.4232   3636359.3394    8479.4896  -17187.2711     -39.1250
     57  1927    542401   24001  -3761093.0267   3636657.7142   3636357.5439    8478.7920  -17189.3925     -39.2303
     58  1927    542402   24002  -3761090.3599   3636654.4332   3636358.6593    8479.2901  -17186.0640     -42.0219
     59  1927    542403   24003  -3761091.0058   3636650.4038   3636358.6757    8482.6321  -17184.7026     -43.9277
     60  1927    542404   24004  -3761089.8893   3636650.8110   3636355.7561    8481.5623  -17186.7922     -46.0316
     61  1927    542405   24005  -3761090.4625   3636651.9079   3636352.9794    8481.1741  -17189.7393     -46.6686
     62  1927    542406   24006  -3761091.6134   3636649.8714   3636355.9925    8483.4372  -17186.9346     -45.4185
     63  1927    542407   24007  -3761091.1772   3636649.9269   3636349.8512    8483.0937  -17191.7989     -49.1774
     64  1927    542408   24008  -3761091.1638   3636650.3693   3636350.8231    8482.7668  -17191.1757     -48.3741
     65  1927    542409   24009  -3761090.1944   3636649.1722   3636350.8840    8482.9511  -17190.2458     -49.5896
     66  1927    542410   24010  -3761088.8691   3636645.6392   3636349.4184    8484.5642  -17189.4810     -53.2227
