% 2018îN 6åé 21ì˙ 17éû 23ï™ 23.022000ïb é¿çs
%------------------------------------------------------------------------------------------------------------------------------
Observation File :  2018_4_19_8_37.18o
Ephemeris_N File :  brdc1090 (3).18n
Ephemeris_G File :  Nothing
IONEX       File :  Nothing
IGS SP3     File :  Nothing
START       TIME :  2018/ 4/19  8:37:30
END         TIME :  2018/ 4/19  8:44:22
True Position[m] :  X = -3761063.4990,  Y = 3636647.5780,  Z = 3636362.7670

%------------------------------------------------------------------------------------------------------------------------------
% Epoch  WEEK      ToW     ToD        X[m]           Y[m]           Z[m]          East[m]     North[m]        Up[m] 
%------------------------------------------------------------------------------------------------------------------------------
      1  1997    376650   31050  -3761119.2963   3636694.2599   3636348.1348       5.2261     -53.5900      51.0632
      2  1997    376651   31051  -3761120.1249   3636694.6916   3636347.7107       5.4917     -54.4510      51.5539
      3  1997    376652   31052  -3761119.3443   3636695.9384   3636346.9481       4.0528     -55.2510      51.3670
      4  1997    376653   31053  -3761118.2365   3636698.7937   3636344.1557       1.2301     -58.2201      50.7397
      5  1997    376654   31054  -3761118.7582   3636699.7626   3636343.0882       0.8962     -59.6960      50.9868
      6  1997    376655   31055  -3761118.6426   3636699.8592   3636342.8103       0.7464     -59.9145      50.8144
      7  1997    376656   31056  -3761118.3447   3636701.9131   3636340.6451      -0.9372     -62.3843      50.5673
      8  1997    376657   31057  -3761118.2482   3636704.6773   3636337.6260      -2.9914     -65.9198      50.3539
      9  1997    376658   31058  -3761117.5276   3636706.4642   3636336.4656      -4.7769     -67.2857      50.2818
     10  1997    376659   31059  -3761117.9648   3636708.9494   3636333.3329      -6.2597     -71.0230      50.1587
     11  1997    376660   31060  -3761118.5426   3636711.0289   3636331.2698      -7.3530     -73.7802      50.5005
     12  1997    376661   31061  -3761118.7106   3636710.1592   3636331.6269      -6.6110     -73.2102      50.3089
     13  1997    376662   31062  -3761119.3894   3636710.2941   3636330.6713      -6.2361     -74.3267      50.2377
     14  1997    376663   31063  -3761120.4893   3636711.7365   3636328.9401      -6.5085     -76.7734      50.7145
     15  1997    376664   31064  -3761121.1281   3636710.8334   3636328.8772      -5.4153     -76.7282      50.5404
     16  1997    376665   31065  -3761122.1923   3636712.1583   3636327.1859      -5.6279     -79.0806      50.9521
     17  1997    376666   31066  -3761123.8500   3636717.7910   3636321.3782      -8.5250     -86.7671      51.8068
     18  1997    376667   31067  -3761123.8948   3636719.2577   3636320.1918      -9.5482     -88.3420      51.9883
     19  1997    376668   31068  -3761123.7099   3636716.7228   3636322.0023      -7.8544     -85.7723      51.4737
     20  1997    376669   31069  -3761124.0390   3636715.5586   3636322.6349      -6.7887     -84.9256      51.3672
     21  1997    376670   31070  -3761124.2456   3636717.2824   3636321.3915      -7.8844     -86.7165      51.7578
     22  1997    376671   31071  -3761124.2989   3636716.6705   3636321.5158      -7.4074     -86.3928      51.5120
     23  1997    376672   31072  -3761123.7108   3636715.3188   3636323.0154      -6.8445     -84.3830      51.2555
     24  1997    376673   31073  -3761124.0474   3636713.9724   3636323.7414      -5.6426     -83.3904      51.1032
     25  1997    376674   31074  -3761124.3103   3636713.1074   3636323.8790      -4.8380     -83.0413      50.8443
     26  1997    376675   31075  -3761124.5443   3636711.7117   3636324.3664      -3.6720     -82.1821      50.4666
     27  1997    376676   31076  -3761124.6861   3636710.2890   3636324.8081      -2.5506     -81.3117      49.9932
     28  1997    376677   31077  -3761124.6012   3636710.3682   3636324.4449      -2.6665     -81.6059      49.7799
     29  1997    376678   31078  -3761124.8462   3636709.8566   3636324.4168      -2.1285     -81.5260      49.6168
     30  1997    376679   31079  -3761124.9036   3636709.0529   3636324.5453      -1.5108     -81.1240      49.2666
     31  1997    376680   31080  -3761125.1533   3636708.5547   3636324.3508      -0.9791     -81.1878      49.0184
     32  1997    376681   31081  -3761125.4447   3636708.5371   3636323.7016      -0.7639     -81.8327      48.8078
     33  1997    376682   31082  -3761125.7446   3636706.9752   3636323.8977       0.5674     -81.1733      48.2073
     34  1997    376683   31083  -3761126.0270   3636707.4902   3636322.7931       0.3935     -82.3999      48.0337
     35  1997    376684   31084  -3761126.2587   3636708.1576   3636321.7595       0.0748     -83.6082      47.9577
     36  1997    376685   31085  -3761126.3577   3636708.3615   3636320.9331      -0.0030     -84.4075      47.6583
     37  1997    376686   31086  -3761126.7746   3636709.0430   3636319.6130      -0.2032     -85.9324      47.5351
     38  1997    376687   31087  -3761126.7334   3636709.8327   3636318.5934      -0.7995     -87.0655      47.3761
     39  1997    376688   31088  -3761127.0502   3636710.4492   3636317.4569      -1.0224     -88.3730      47.2622
     40  1997    376689   31089  -3761126.9426   3636711.6965   3636315.8183      -1.9939     -90.1683      46.9698
     41  1997    376690   31090  -3761127.2205   3636712.5156   3636314.3718      -2.3897     -91.7944      46.7706
     42  1997    376691   31091  -3761127.4649   3636712.9775   3636313.5275      -2.5518     -92.7709      46.6936
     43  1997    376692   31092  -3761127.6936   3636713.6104   3636312.2812      -2.8478     -94.1386      46.4742
     44  1997    376693   31093  -3761128.0646   3636714.7218   3636310.6878      -3.3889     -96.0399      46.4122
     45  1997    376694   31094  -3761128.5425   3636715.4367   3636309.4460      -3.5706     -97.5392      46.3889
     46  1997    376695   31095  -3761128.5804   3636716.8517   3636307.9666      -4.5615     -99.3309      46.3689
     47  1997    376696   31096  -3761128.9259   3636716.7098   3636307.7955      -4.2194     -99.5570      46.3936
     48  1997    376697   31097  -3761129.1248   3636717.6272   3636306.4328      -4.7407    -101.1210      46.2519
     49  1997    376698   31098  -3761129.8089   3636718.4911   3636304.9003      -4.8861    -103.0029      46.2683
     50  1997    376699   31099  -3761130.0401   3636718.5482   3636304.3344      -4.7665    -103.5846      46.1125
     51  1997    376700   31100  -3761130.2834   3636718.4152   3636303.9425      -4.5018    -103.9529      45.9554
     52  1997    376701   31101  -3761130.9008   3636718.8707   3636302.8759      -4.4000    -105.2629      45.9670
     53  1997    376702   31102  -3761131.2377   3636719.4958   3636301.6752      -4.6152    -106.6346      45.8330
     54  1997    376703   31103  -3761131.9848   3636720.3262   3636300.1841      -4.6929    -108.4952      45.8911
     55  1997    376704   31104  -3761132.3604   3636721.2025   3636299.1055      -5.0618    -109.8829      45.9930
     56  1997    376705   31105  -3761132.6367   3636721.7373   3636297.9984      -5.2542    -111.1171      45.8256
     57  1997    376706   31106  -3761133.1600   3636721.7555   3636297.3380      -4.9035    -111.8810      45.7656
     58  1997    376707   31107  -3761133.6204   3636721.3232   3636297.3125      -4.2727    -111.9195      45.7760
     59  1997    376708   31108  -3761133.7127   3636722.7404   3636295.8642      -5.2274    -113.7089      45.8071
     60  1997    376709   31109  -3761133.9116   3636723.5236   3636294.4604      -5.6521    -115.2532      45.5655
     61  1997    376710   31110  -3761134.2458   3636724.0152   3636293.3831      -5.7733    -116.4695      45.4247
     62  1997    376711   31111  -3761134.6369   3636724.3170   3636292.4743      -5.7184    -117.4956      45.3059
     63  1997    376712   31112  -3761134.8095   3636724.7931   3636291.5677      -5.9407    -118.4992      45.1590
     64  1997    376713   31113  -3761135.3683   3636725.0116   3636290.3267      -5.7093    -119.8334      44.9010
     65  1997    376714   31114  -3761135.7165   3636726.0673   3636289.0207      -6.2262    -121.4677      44.9586
     66  1997    376715   31115  -3761136.0960   3636726.5658   3636287.7029      -6.3208    -122.9026      44.7105
     67  1997    376716   31116  -3761136.3446   3636726.8275   3636287.2358      -6.3361    -123.4920      44.7383
     68  1997    376717   31117  -3761136.8522   3636727.0898   3636286.2889      -6.1718    -124.5816      44.6437
     69  1997    376718   31118  -3761137.1888   3636728.0232   3636284.9704      -6.6089    -126.1725      44.6177
     70  1997    376719   31119  -3761137.3388   3636728.2869   3636283.9454      -6.6942    -127.1793      44.2686
     71  1997    376720   31120  -3761137.8511   3636728.6535   3636282.6693      -6.6016    -128.5821      44.0474
     72  1997    376721   31121  -3761138.4102   3636728.4682   3636281.9533      -6.0798    -129.3253      43.8608
     73  1997    376722   31122  -3761139.0299   3636728.9107   3636281.0364      -5.9671    -130.5083      43.9521
     74  1997    376723   31123  -3761139.4177   3636729.8407   3636279.5715      -6.3661    -132.2390      43.8704
     75  1997    376724   31124  -3761139.5720   3636729.5899   3636279.1641      -6.0786    -132.5365      43.5848
     76  1997    376725   31125  -3761140.0481   3636728.9832   3636279.1578      -5.3114    -132.4961      43.5161
     77  1997    376726   31126  -3761140.1268   3636730.5656   3636277.2332      -6.3944    -134.7361      43.3602
     78  1997    376727   31127  -3761140.5700   3636730.8979   3636276.0546      -6.3251    -136.0168      43.1348
     79  1997    376728   31128  -3761140.9931   3636730.2584   3636275.8300      -5.5714    -136.1203      42.8910
     80  1997    376729   31129  -3761141.5566   3636730.4958   3636274.9257      -5.3503    -137.1881      42.8397
     81  1997    376730   31130  -3761141.8473   3636731.4190   3636273.4648      -5.8119    -138.8728      42.6992
     82  1997    376731   31131  -3761142.3832   3636731.5427   3636272.5552      -5.5283    -139.8883      42.5638
     83  1997    376732   31132  -3761142.7094   3636731.5816   3636271.7885      -5.3295    -140.6664      42.3385
     84  1997    376733   31133  -3761143.2181   3636731.9291   3636270.8336      -5.2258    -141.7970      42.2886
     85  1997    376734   31134  -3761143.2080   3636733.6987   3636268.6168      -6.5049    -144.3143      42.0195
     86  1997    376735   31135  -3761143.5314   3636734.2206   3636267.5936      -6.6553    -145.4939      41.9206
     87  1997    376736   31136  -3761143.6887   3636735.0384   3636266.3076      -7.1339    -146.9383      41.7417
     88  1997    376737   31137  -3761144.1091   3636735.4939   3636264.9792      -7.1691    -148.3815      41.4872
     89  1997    376738   31138  -3761144.3509   3636736.7833   3636263.0928      -7.9280    -150.5405      41.2825
     90  1997    376739   31139  -3761144.7412   3636737.5868   3636261.6662      -8.2344    -152.1905      41.1521
     91  1997    376740   31140  -3761144.9473   3636739.0558   3636259.8085      -9.1471    -154.3830      41.0450
     92  1997    376741   31141  -3761145.3622   3636739.5649   3636258.6979      -9.2247    -155.6668      40.9426
     93  1997    376742   31142  -3761145.8114   3636740.6065   3636256.9523      -9.6613    -157.6973      40.7997
     94  1997    376743   31143  -3761146.4833   3636740.3426   3636256.2101      -9.0045    -158.4771      40.6196
     95  1997    376744   31144  -3761146.9102   3636740.9795   3636254.8920      -9.1656    -159.9868      40.4781
     96  1997    376745   31145  -3761147.1619   3636742.0023   3636253.5268      -9.7260    -161.6167      40.4262
     97  1997    376746   31146  -3761147.8357   3636742.1351   3636252.5213      -9.3531    -162.7712      40.3222
     98  1997    376747   31147  -3761148.3106   3636743.4922   3636250.5103      -9.9986    -165.1555      40.2218
     99  1997    376748   31148  -3761148.9331   3636743.2695   3636249.7050      -9.4057    -165.9831      40.0000
    100  1997    376749   31149  -3761149.7880   3636743.7198   3636248.1906      -9.1352    -167.7557      39.8917
    101  1997    376750   31150  -3761150.3914   3636742.5651   3636248.7318      -7.8857    -167.1008      39.8998
    102  1997    376751   31151  -3761150.9000   3636743.5956   3636247.1024      -8.2729    -169.0562      39.8521
    103  1997    376752   31152  -3761151.6278   3636743.7574   3636246.7502      -7.8834    -169.7091      40.1710
    104  1997    376753   31153  -3761151.9671   3636744.4447   3636245.0927      -8.1416    -171.4810      39.8121
    105  1997    376754   31154  -3761152.2664   3636745.9509   3636243.0510      -9.0164    -173.8774      39.6755
    106  1997    376755   31155  -3761152.7663   3636744.9354   3636243.4180      -7.9388    -173.3781      39.6021
    107  1997    376756   31156  -3761153.1996   3636746.0047   3636241.6995      -8.4064    -175.3908      39.4810
    108  1997    376757   31157  -3761153.7621   3636746.5546   3636240.2038      -8.4107    -177.0673      39.2680
    109  1997    376758   31158  -3761154.1196   3636746.2698   3636239.7053      -7.9574    -177.5095      39.0306
    110  1997    376759   31159  -3761154.7269   3636747.0976   3636237.9544      -8.1304    -179.5244      38.8560
    111  1997    376760   31160  -3761154.9046   3636748.9958   3636235.5343      -9.3715    -182.3368      38.6542
    112  1997    376761   31161  -3761155.2784   3636750.0515   3636233.8411      -9.8706    -184.2990      38.5049
    113  1997    376762   31162  -3761155.5985   3636751.1545   3636232.1360     -10.4410    -186.2675      38.3440
    114  1997    376763   31163  -3761156.1241   3636750.8895   3636231.8115      -9.8852    -186.6444      38.3166
    115  1997    376764   31164  -3761156.4594   3636751.9111   3636230.1458     -10.3864    -188.5545      38.1410
    116  1997    376765   31165  -3761157.0198   3636751.9736   3636229.7490     -10.0419    -189.1355      38.2792
    117  1997    376766   31166  -3761157.2791   3636751.3801   3636229.6585      -9.4350    -189.0800      38.0420
    118  1997    376767   31167  -3761157.5380   3636752.2429   3636228.4201      -9.8753    -190.5452      37.9759
    119  1997    376768   31168  -3761157.7632   3636753.3557   3636226.8514     -10.5187    -192.3668      37.8429
    120  1997    376769   31169  -3761158.1993   3636753.2533   3636226.2396     -10.1420    -193.0070      37.6907
    121  1997    376770   31170  -3761158.2731   3636754.2529   3636224.6876     -10.8093    -194.7074      37.4137
    122  1997    376771   31171  -3761158.2404   3636755.0257   3636223.4007     -11.3876    -196.0562      37.0968
    123  1997    376772   31172  -3761158.4210   3636755.7720   3636222.4202     -11.7986    -197.2315      37.0660
    124  1997    376773   31173  -3761158.2945   3636759.1590   3636219.0954     -14.3214    -201.2533      37.0143
    125  1997    376774   31174  -3761158.3145   3636761.4444   3636216.5638     -15.9505    -204.2465      36.8763
    126  1997    376775   31175  -3761158.2066   3636762.7665   3636215.3914     -16.9759    -205.6895      36.8936
    127  1997    376776   31176  -3761158.6294   3636762.2135   3636215.4784     -16.2845    -205.5721      36.8775
    128  1997    376777   31177  -3761158.3811   3636764.5966   3636213.3078     -18.1703    -208.1979      36.8441
    129  1997    376778   31178  -3761158.0989   3636766.6852   3636211.4653     -19.8679    -210.4236      36.8110
    130  1997    376779   31179  -3761157.8644   3636769.0669   3636209.3298     -21.7431    -213.0258      36.8050
    131  1997    376780   31180  -3761157.7962   3636770.1301   3636208.2225     -22.5548    -214.3286      36.7355
    132  1997    376781   31181  -3761157.7201   3636770.2446   3636207.9087     -22.6900    -214.6000      36.5760
    133  1997    376782   31182  -3761157.8178   3636769.1136   3636208.7838     -21.8090    -213.4726      36.4911
    134  1997    376783   31183  -3761157.5838   3636771.0575   3636207.1651     -23.3692    -215.4771      36.5323
    135  1997    376784   31184  -3761157.4125   3636771.5808   3636206.6810     -23.8645    -216.0116      36.4520
    136  1997    376785   31185  -3761157.3306   3636772.0593   3636206.0429     -24.2654    -216.6914      36.3104
    137  1997    376786   31186  -3761157.2819   3636771.2464   3636206.6302     -23.7148    -215.8662      36.1554
    138  1997    376787   31187  -3761157.1856   3636770.3733   3636207.1787     -23.1542    -215.0291      35.9160
    139  1997    376788   31188  -3761156.7178   3636771.2095   3636206.6075     -24.0805    -215.6375      35.7891
    140  1997    376789   31189  -3761156.1138   3636774.2833   3636204.0875     -26.7101    -218.6783      35.7392
    141  1997    376790   31190  -3761155.9579   3636773.7542   3636204.4840     -26.4380    -218.0783      35.5734
    142  1997    376791   31191  -3761155.7407   3636773.3579   3636204.8545     -26.3042    -217.5273      35.4322
    143  1997    376792   31192  -3761155.3220   3636774.6642   3636203.8396     -27.5342    -218.7068      35.3477
    144  1997    376793   31193  -3761155.1135   3636774.9082   3636203.5404     -27.8546    -218.9633      35.1923
    145  1997    376794   31194  -3761154.7854   3636776.6179   3636202.2846     -29.3118    -220.5383      35.2528
    146  1997    376795   31195  -3761154.4737   3636776.2845   3636202.5240     -29.2888    -220.0808      35.0166
    147  1997    376796   31196  -3761154.2017   3636776.5408   3636202.2677     -29.6622    -220.2809      34.8553
    148  1997    376797   31197  -3761153.7318   3636778.4771   3636200.7213     -31.3807    -222.1259      34.7948
    149  1997    376798   31198  -3761153.6134   3636777.1018   3636202.0118     -30.4744    -220.4717      34.6816
    150  1997    376799   31199  -3761153.2583   3636776.8007   3636202.3484     -30.5047    -219.9295      34.4940
    151  1997    376800   31200  -3761152.9439   3636776.6977   3636202.4391     -30.6492    -219.6846      34.3021
    152  1997    376801   31201  -3761152.5403   3636777.5728   3636201.7761     -31.5589    -220.4102      34.1827
    153  1997    376802   31202  -3761152.1452   3636779.0573   3636200.6713     -32.9007    -221.7442      34.1621
    154  1997    376803   31203  -3761151.7225   3636779.4686   3636200.5655     -33.4902    -221.8205      34.0867
    155  1997    376804   31204  -3761151.1086   3636782.0515   3636198.5525     -35.7738    -224.2461      34.0420
    156  1997    376805   31205  -3761150.7056   3636782.3155   3636198.5267     -36.2437    -224.2064      33.9402
    157  1997    376806   31206  -3761150.2487   3636782.4163   3636198.5443     -36.6338    -224.0439      33.7386
    158  1997    376807   31207  -3761149.7328   3636783.0480   3636198.3295     -37.4465    -224.2590      33.6713
    159  1997    376808   31208  -3761149.0162   3636786.5766   3636195.5922     -40.4813    -227.6126      33.6895
    160  1997    376809   31209  -3761148.5090   3636788.2064   3636194.4355     -42.0056    -229.0008      33.6558
    161  1997    376810   31210  -3761148.0908   3636788.4156   3636194.3995     -42.4466    -228.9413      33.5079
    162  1997    376811   31211  -3761147.4528   3636789.9327   3636193.3107     -43.9808    -230.1750      33.3720
    163  1997    376812   31212  -3761146.9656   3636789.5567   3636193.7885     -44.0492    -229.4329      33.1448
    164  1997    376813   31213  -3761146.7115   3636789.4819   3636193.9389     -44.1720    -229.1751      33.0388
    165  1997    376814   31214  -3761146.2212   3636791.2488   3636192.7868     -45.7831    -230.6212      33.0957
    166  1997    376815   31215  -3761145.7456   3636790.9901   3636193.1297     -45.9276    -230.0411      32.8649
    167  1997    376816   31216  -3761145.2778   3636792.3068   3636192.0866     -47.1994    -231.2277      32.7412
    168  1997    376817   31217  -3761144.9620   3636791.2101   3636193.3713     -46.6304    -229.6079      32.6671
    169  1997    376818   31218  -3761144.5537   3636790.9705   3636193.8106     -46.7420    -228.9841      32.5421
    170  1997    376819   31219  -3761144.0303   3636791.2051   3636193.8299     -47.2745    -228.8461      32.3785
    171  1997    376820   31220  -3761143.5577   3636793.8134   3636191.8007     -49.4782    -231.3534      32.4222
    172  1997    376821   31221  -3761143.1147   3636793.4151   3636192.5811     -49.4997    -230.3726      32.3818
    173  1997    376822   31222  -3761142.5988   3636795.0105   3636191.4907     -51.0052    -231.6892      32.3614
    174  1997    376823   31223  -3761142.0897   3636795.9336   3636191.0574     -52.0228    -232.2022      32.3389
    175  1997    376824   31224  -3761141.3865   3636797.1986   3636190.2449     -53.4210    -233.0822      32.1793
    176  1997    376825   31225  -3761140.7004   3636797.4915   3636190.4978     -54.1085    -232.7090      32.0870
    177  1997    376826   31226  -3761139.8245   3636799.9780   3636188.6903     -56.5049    -234.8199      31.9509
    178  1997    376827   31227  -3761139.2382   3636800.2049   3636189.2450     -57.0755    -234.2142      32.0528
    179  1997    376828   31228  -3761138.1596   3636802.1646   3636188.5283     -59.2341    -235.1378      32.1228
    180  1997    376829   31229  -3761137.3734   3636802.4874   3636189.1905     -60.0127    -234.3999      32.2231
    181  1997    376830   31230  -3761136.7500   3636803.0612   3636189.2713     -60.8585    -234.3054      32.2291
    182  1997    376831   31231  -3761135.8086   3636804.7091   3636188.6286     -62.6975    -235.1007      32.2446
    183  1997    376832   31232  -3761135.0448   3636805.1201   3636188.9488     -63.5239    -234.6873      32.2124
    184  1997    376833   31233  -3761134.4276   3636805.0124   3636189.4085     -63.8756    -234.0134      32.0511
    185  1997    376834   31234  -3761133.7024   3636805.9037   3636189.0398     -65.0204    -234.3717      31.9202
    186  1997    376835   31235  -3761133.0573   3636806.1352   3636189.3610     -65.6352    -233.9350      31.8562
    187  1997    376836   31236  -3761132.5813   3636805.6159   3636190.2694     -65.5929    -232.7876      31.8009
    188  1997    376837   31237  -3761131.8737   3636807.0758   3636189.5227     -67.1342    -233.6895      31.7874
    189  1997    376838   31238  -3761131.5229   3636805.9548   3636190.5182     -66.5721    -232.2826      31.5131
    190  1997    376839   31239  -3761130.8737   3636805.3188   3636191.7014     -66.5662    -230.7921      31.4468
    191  1997    376840   31240  -3761129.9914   3636806.9264   3636190.8486     -68.3352    -231.7679      31.3538
    192  1997    376841   31241  -3761129.2787   3636807.2073   3636191.0443     -69.0326    -231.4257      31.2062
    193  1997    376842   31242  -3761128.6537   3636807.4152   3636191.4060     -69.6165    -230.9546      31.1638
    194  1997    376843   31243  -3761127.9149   3636808.1586   3636191.2798     -70.6644    -231.0498      31.0797
    195  1997    376844   31244  -3761126.9232   3636809.2727   3636190.8603     -72.1547    -231.4287      30.8896
    196  1997    376845   31245  -3761126.0868   3636810.3720   3636190.4771     -73.5264    -231.8360      30.8033
    197  1997    376846   31246  -3761125.4670   3636809.4096   3636191.8852     -73.2654    -230.0434      30.6975
    198  1997    376847   31247  -3761124.7196   3636809.3344   3636192.3989     -73.7308    -229.2844      30.5089
    199  1997    376848   31248  -3761123.7468   3636811.0493   3636191.6380     -75.6399    -230.1903      30.4764
    200  1997    376849   31249  -3761123.0616   3636811.0938   3636192.1819     -76.1481    -229.4801      30.4099
    201  1997    376850   31250  -3761122.2458   3636811.8234   3636192.2044     -77.2397    -229.4161      30.3578
    202  1997    376851   31251  -3761121.4499   3636812.7112   3636192.0902     -78.4313    -229.5355      30.3292
    203  1997    376852   31252  -3761120.6651   3636813.3075   3636192.1734     -79.4054    -229.3815      30.2542
    204  1997    376853   31253  -3761119.8203   3636815.7008   3636190.7244     -81.7132    -231.1743      30.2890
    205  1997    376854   31254  -3761119.3336   3636814.5683   3636192.1885     -81.2373    -229.3228      30.1967
    206  1997    376855   31255  -3761118.6004   3636813.9321   3636193.3072     -81.2896    -227.8505      30.0438
    207  1997    376856   31256  -3761117.8128   3636813.8540   3636193.9766     -81.7810    -226.9462      29.9193
    208  1997    376857   31257  -3761117.0067   3636814.5479   3636194.1418     -82.8401    -226.7552      29.9344
    209  1997    376858   31258  -3761116.2205   3636814.2012   3636195.1647     -83.1374    -225.4549      29.8604
    210  1997    376859   31259  -3761115.4245   3636813.7348   3636196.1558     -83.3555    -224.1289      29.6941
    211  1997    376860   31260  -3761114.5795   3636813.3647   3636197.2263     -83.6768    -222.7561      29.5993
    212  1997    376861   31261  -3761113.7954   3636814.2502   3636197.2067     -84.8584    -222.8018      29.6305
    213  1997    376862   31262  -3761113.0786   3636813.5496   3636198.4125     -84.8530    -221.2392      29.5006
    214  1997    376863   31263  -3761112.2809   3636813.5740   3636199.1669     -85.4251    -220.3021      29.4772
    215  1997    376864   31264  -3761111.6240   3636812.6163   3636200.6713     -85.1931    -218.4170      29.4073
    216  1997    376865   31265  -3761110.9037   3636812.2402   3636201.5493     -85.4235    -217.2509      29.2722
    217  1997    376866   31266  -3761110.0778   3636812.4851   3636202.1493     -86.1736    -216.5165      29.2692
    218  1997    376867   31267  -3761109.2268   3636812.6154   3636202.6573     -86.8588    -215.8015      29.1334
    219  1997    376868   31268  -3761108.3559   3636813.5640   3636202.5960     -88.1462    -215.8708      29.1256
    220  1997    376869   31269  -3761107.3767   3636815.4283   3636201.8037     -90.1671    -216.8593      29.1563
    221  1997    376870   31270  -3761106.8949   3636812.9121   3636204.5515     -88.6930    -213.4066      29.0149
    222  1997    376871   31271  -3761106.0867   3636811.5506   3636206.5031     -88.2761    -210.9320      28.8823
    223  1997    376872   31272  -3761105.2166   3636811.6684   3636207.1289     -88.9655    -210.1075      28.7957
    224  1997    376873   31273  -3761104.2489   3636812.4094   3636207.2560     -90.1709    -209.8998      28.7206
    225  1997    376874   31274  -3761103.2789   3636811.5476   3636208.7839     -90.2256    -207.9047      28.5344
    226  1997    376875   31275  -3761102.4105   3636811.7141   3636209.3723     -90.9490    -207.1311      28.4551
    227  1997    376876   31276  -3761101.2459   3636813.6884   3636208.4408     -93.1779    -208.2011      28.3594
    228  1997    376877   31277  -3761100.4983   3636814.0744   3636208.7473     -93.9749    -207.7957      28.3147
    229  1997    376878   31278  -3761099.6692   3636814.3668   3636209.1268     -94.7616    -207.2595      28.2105
    230  1997    376879   31279  -3761098.8274   3636814.5440   3636209.7201     -95.4740    -206.4971      28.1557
    231  1997    376880   31280  -3761097.7328   3636816.0345   3636209.2528     -97.3064    -207.0228      28.0919
    232  1997    376881   31281  -3761096.7814   3636813.9593   3636211.9101     -96.4760    -203.6265      27.8731
    233  1997    376882   31282  -3761095.9087   3636811.0854   3636215.2387     -95.0165    -199.3942      27.6307
    234  1997    376883   31283  -3761095.0268   3636810.0611   3636216.9654     -94.8932    -197.2078      27.5179
    235  1997    376884   31284  -3761094.3481   3636808.3723   3636219.0503     -94.1508    -194.5469      27.3516
    236  1997    376885   31285  -3761093.2827   3636811.6284   3636216.7544     -97.2323    -197.2864      27.2622
    237  1997    376886   31286  -3761092.3591   3636812.2916   3636216.8655     -98.3510    -197.0791      27.1596
    238  1997    376887   31287  -3761091.4876   3636812.4366   3636217.5626     -99.0610    -196.2065      27.1285
    239  1997    376888   31288  -3761090.6242   3636812.3647   3636218.5113     -99.6095    -195.0447      27.1229
    240  1997    376889   31289  -3761089.6028   3636813.2781   3636218.5358    -100.9762    -194.9676      27.0556
    241  1997    376890   31290  -3761088.6216   3636814.2218   3636218.5955    -102.3367    -194.8904      27.0493
    242  1997    376891   31291  -3761087.7946   3636814.3926   3636219.2143    -103.0343    -194.1106      27.0142
    243  1997    376892   31292  -3761086.9064   3636815.1496   3636219.2871    -104.1959    -193.9866      26.9639
    244  1997    376893   31293  -3761085.7796   3636817.0095   3636218.5401    -106.3162    -194.8754      26.9312
    245  1997    376894   31294  -3761084.8170   3636818.1594   3636218.3067    -107.8120    -195.1282      26.8854
    246  1997    376895   31295  -3761083.6493   3636820.0326   3636217.6523    -109.9703    -195.9296      26.8892
    247  1997    376896   31296  -3761082.5612   3636821.9867   3636216.7704    -112.1315    -196.9825      26.8556
    248  1997    376897   31297  -3761081.5529   3636822.9484   3636216.8035    -113.5238    -196.9230      26.8284
    249  1997    376898   31298  -3761080.3601   3636824.6920   3636216.2465    -115.6063    -197.5825      26.7995
    250  1997    376899   31299  -3761079.0534   3636827.1159   3636215.1878    -118.2572    -198.8774      26.8034
    251  1997    376900   31300  -3761078.0713   3636828.4069   3636214.8166    -119.8680    -199.2913      26.7473
    252  1997    376901   31301  -3761077.0707   3636828.1614   3636216.0475    -120.3870    -197.7725      26.7239
    253  1997    376902   31302  -3761075.9684   3636829.7214   3636215.6366    -122.2747    -198.2765      26.7274
    254  1997    376903   31303  -3761075.9319   3636821.6795   3636222.6358    -116.5188    -189.3219      26.1387
    255  1997    376904   31304  -3761075.1265   3636819.3492   3636225.2368    -115.4034    -185.9303      25.8283
    256  1997    376905   31305  -3761074.5798   3636816.2861   3636228.4829    -113.5814    -181.8246      25.6228
    257  1997    376906   31306  -3761074.1239   3636813.0373   3636231.9332    -111.5627    -177.5150      25.4822
    258  1997    376907   31307  -3761073.2122   3636812.2406   3636233.4444    -111.6237    -175.5835      25.3578
    259  1997    376908   31308  -3761072.6173   3636811.3473   3636234.6555    -111.3950    -173.9901      25.1930
    260  1997    376909   31309  -3761071.8530   3636809.5412   3636236.9164    -110.6279    -171.1028      25.0104
    261  1997    376910   31310  -3761071.1525   3636808.6802   3636238.2683    -110.4959    -169.3633      24.8826
    262  1997    376911   31311  -3761070.5823   3636807.1517   3636240.3094    -109.7934    -166.8469      24.8463
    263  1997    376912   31312  -3761069.7650   3636806.5216   3636241.4724    -109.9085    -165.3060      24.6729
    264  1997    376913   31313  -3761069.2882   3636804.7409   3636243.6835    -108.9598    -162.5882      24.6455
    265  1997    376914   31314  -3761068.7635   3636803.5818   3636245.3476    -108.4913    -160.5465      24.6304
    266  1997    376915   31315  -3761068.3632   3636801.7197   3636247.4731    -107.4309    -157.8980      24.5527
    267  1997    376916   31316  -3761068.1682   3636800.2585   3636248.9681    -106.5160    -156.0104      24.4628
    268  1997    376917   31317  -3761068.2745   3636797.7434   3636251.4464    -104.6340    -153.0213      24.5139
    269  1997    376918   31318  -3761067.9868   3636795.8824   3636253.5929    -103.4961    -150.4024      24.5151
    270  1997    376919   31319  -3761067.7889   3636794.4057   3636255.2215    -102.5721    -148.3979      24.4912
    271  1997    376920   31320  -3761067.7446   3636792.1747   3636257.5955    -100.9990    -145.5456      24.5556
    272  1997    376921   31321  -3761067.9641   3636789.9133   3636259.7727     -99.2207    -142.9510      24.6452
    273  1997    376922   31322  -3761067.9292   3636789.3934   3636260.1614     -98.8713    -142.4108      24.5514
    274  1997    376923   31323  -3761067.9254   3636788.0915   3636261.4880     -97.9379    -140.8035      24.5682
    275  1997    376924   31324  -3761067.8114   3636786.6120   3636263.0320     -96.9536    -138.9019      24.5437
    276  1997    376925   31325  -3761067.6961   3636785.2532   3636264.3568     -96.0569    -137.2274      24.4614
    277  1997    376926   31326  -3761067.7582   3636784.9836   3636264.4349     -95.8199    -137.0816      24.3893
    278  1997    376927   31327  -3761067.1407   3636784.8828   3636265.0123     -96.1767    -136.3138      24.2991
    279  1997    376928   31328  -3761066.7204   3636784.3306   3636265.8957     -96.0718    -135.1967      24.2436
    280  1997    376929   31329  -3761066.8472   3636782.2074   3636267.9384     -94.4573    -132.7292      24.2801
    281  1997    376930   31330  -3761066.6741   3636780.7811   3636269.4146     -93.5523    -130.8799      24.2122
    282  1997    376931   31331  -3761066.8647   3636778.4962   3636271.5067     -91.7772    -128.3338      24.2226
    283  1997    376932   31332  -3761066.4703   3636776.9853   3636273.3669     -90.9651    -126.0449      24.1963
    284  1997    376933   31333  -3761065.9807   3636776.3392   3636274.4302     -90.8410    -124.7145      24.1496
    285  1997    376934   31334  -3761065.7108   3636775.4928   3636275.4439     -90.4201    -123.4354      24.0897
    286  1997    376935   31335  -3761065.5973   3636775.0810   3636275.9501     -90.2030    -122.8097      24.0785
    287  1997    376936   31336  -3761065.3143   3636774.6652   3636276.7851     -90.1008    -121.8432      24.1538
    288  1997    376937   31337  -3761064.9859   3636774.8149   3636276.8590     -90.4367    -121.7070      24.0879
    289  1997    376938   31338  -3761064.4986   3636773.6317   3636278.4358     -89.9248    -119.7427      24.0311
    290  1997    376939   31339  -3761064.0323   3636772.8898   3636279.6088     -89.7156    -118.2938      24.0064
    291  1997    376940   31340  -3761064.0882   3636773.0335   3636279.2597     -89.7801    -118.6601      23.9209
    292  1997    376941   31341  -3761063.6099   3636772.1960   3636280.5817     -89.5105    -117.0461      23.9203
    293  1997    376942   31342  -3761063.1549   3636771.1585   3636281.9081     -89.0809    -115.3583      23.8218
    294  1997    376943   31343  -3761063.5210   3636769.2334   3636283.5362     -87.4424    -113.4081      23.8745
    295  1997    376944   31344  -3761063.8030   3636767.6521   3636284.8529     -86.1096    -111.8153      23.8949
    296  1997    376945   31345  -3761063.5768   3636767.3996   3636285.2444     -86.0853    -111.3006      23.8423
    297  1997    376946   31346  -3761063.7189   3636767.1542   3636285.2853     -85.8102    -111.2279      23.8097
    298  1997    376947   31347  -3761063.5985   3636766.2830   3636286.1975     -85.2675    -110.0837      23.7655
    299  1997    376948   31348  -3761063.5155   3636766.8773   3636285.7773     -85.7525    -110.6306      23.8142
    300  1997    376949   31349  -3761063.4524   3636763.1455   3636289.1200     -83.1136    -106.3786      23.5681
    301  1997    376950   31350  -3761062.9407   3636765.4943   3636287.5215     -85.1578    -108.4135      23.6880
    302  1997    376951   31351  -3761061.9310   3636772.0262   3636282.5409     -90.5554    -114.6811      23.9579
    303  1997    376952   31352  -3761060.8097   3636778.9957   3636277.3340     -96.3452    -121.2627      24.2815
    304  1997    376953   31353  -3761059.7740   3636785.4233   3636272.6864    -101.6859    -127.2053      24.6676
    305  1997    376954   31354  -3761057.6102   3636794.3523   3636266.0101    -109.6090    -135.3420      24.6508
    306  1997    376955   31355  -3761057.4061   3636793.9589   3636266.3112    -109.4682    -134.8544      24.4791
    307  1997    376956   31356  -3761056.4274   3636790.7629   3636270.0387    -107.8508    -130.1233      24.2195
    308  1997    376957   31357  -3761056.0784   3636791.3647   3636269.3136    -108.5261    -130.8134      23.9410
    309  1997    376958   31358  -3761055.1208   3636791.8857   3636269.8166    -109.5662    -130.2143      23.9620
    310  1997    376959   31359  -3761053.3509   3636796.6423   3636266.8388    -114.2160    -133.8202      23.9213
    311  1997    376960   31360  -3761053.3295   3636795.5480   3636268.5398    -113.4442    -131.9816      24.2607
    312  1997    376961   31361  -3761054.3636   3636789.4026   3636274.3097    -108.3074    -125.2312      24.6778
    313  1997    376962   31362  -3761054.7644   3636786.3565   3636277.3401    -105.8390    -121.6995      24.9165
    314  1997    376963   31363  -3761055.6472   3636782.3530   3636280.6890    -102.3473    -117.7240      25.0763
    315  1997    376964   31364  -3761056.4018   3636779.7100   3636283.8854     -99.9228    -114.3629      25.8481
    316  1997    376965   31365  -3761054.2451   3636780.2243   3636287.0444    -101.7916    -111.0907      26.6818
    317  1997    376966   31366  -3761051.9376   3636777.2394   3636293.6778    -101.2498    -103.5151      27.4258
    318  1997    376967   31367  -3761052.6883   3636775.3707   3636295.4847     -99.3845    -101.5994      27.8395
    319  1997    376968   31368  -3761053.4023   3636771.6467   3636298.8557     -96.2110     -97.6476      28.0719
    320  1997    376969   31369  -3761056.2936   3636759.8464   3636306.4684     -85.7181     -87.8992      27.4188
    321  1997    376970   31370  -3761058.9292   3636757.1751   3636304.9072     -81.9656     -89.2001      26.5547
    322  1997    376971   31371  -3761061.5109   3636747.7392   3636309.2763     -73.3876     -82.9239      25.2063
    323  1997    376972   31372  -3761063.7355   3636740.1344   3636313.6650     -66.3742     -77.2143      24.7015
    324  1997    376973   31373  -3761061.3612   3636743.4422   3636311.4073     -70.4025     -79.4037      23.8926
    325  1997    376974   31374  -3761063.0483   3636740.0112   3636313.7403     -66.7633     -76.8203      24.2698
    326  1997    376975   31375  -3761064.3381   3636737.5437   3636312.7782     -64.0928     -77.1568      23.0726
    327  1997    376976   31376  -3761066.0031   3636732.5460   3636314.2078     -59.3426     -74.6800      22.0266
    328  1997    376977   31377  -3761067.6823   3636723.8932   3636318.8540     -51.9549     -68.1170      20.7515
    329  1997    376978   31378  -3761069.2456   3636717.5256   3636321.3181     -46.2905     -64.2048      19.4584
    330  1997    376979   31379            NaN            NaN            NaN          NaN          NaN          NaN
    331  1997    376980   31380            NaN            NaN            NaN          NaN          NaN          NaN
    332  1997    376981   31381            NaN            NaN            NaN          NaN          NaN          NaN
    333  1997    376982   31382            NaN            NaN            NaN          NaN          NaN          NaN
    334  1997    376983   31383            NaN            NaN            NaN          NaN          NaN          NaN
    335  1997    376984   31384            NaN            NaN            NaN          NaN          NaN          NaN
    336  1997    376985   31385            NaN            NaN            NaN          NaN          NaN          NaN
    337  1997    376986   31386            NaN            NaN            NaN          NaN          NaN          NaN
    338  1997    376987   31387            NaN            NaN            NaN          NaN          NaN          NaN
    339  1997    376988   31388            NaN            NaN            NaN          NaN          NaN          NaN
    340  1997    376989   31389            NaN            NaN            NaN          NaN          NaN          NaN
    341  1997    376990   31390            NaN            NaN            NaN          NaN          NaN          NaN
    342  1997    376991   31391            NaN            NaN            NaN          NaN          NaN          NaN
    343  1997    376992   31392            NaN            NaN            NaN          NaN          NaN          NaN
    344  1997    376993   31393            NaN            NaN            NaN          NaN          NaN          NaN
    345  1997    376994   31394            NaN            NaN            NaN          NaN          NaN          NaN
    346  1997    376995   31395            NaN            NaN            NaN          NaN          NaN          NaN
    347  1997    376996   31396            NaN            NaN            NaN          NaN          NaN          NaN
    348  1997    376997   31397            NaN            NaN            NaN          NaN          NaN          NaN
    349  1997    376998   31398            NaN            NaN            NaN          NaN          NaN          NaN
    350  1997    376999   31399  -3761052.2837   3636699.0899   3636313.9490     -44.8277     -55.9043      -5.2569
    351  1997    377000   31400  -3761051.5254   3636698.6312   3636314.8899     -45.0251     -54.6381      -5.4253
    352  1997    377001   31401  -3761050.6724   3636698.3820   3636316.0367     -45.4388     -53.2476      -5.4122
    353  1997    377002   31402  -3761049.9416   3636698.5673   3636316.3918     -46.0800     -52.7293      -5.5335
    354  1997    377003   31403  -3761051.2261   3636700.4145   3636313.4936     -46.5151     -56.3695      -5.3865
    355  1997    377004   31404  -3761050.2825   3636699.4499   3636316.0197     -46.4776     -53.5264      -5.0434
    356  1997    377005   31405  -3761049.4741   3636699.3971   3636316.9156     -47.0016     -52.4382      -5.0360
    357  1997    377006   31406  -3761050.3312   3636697.0212   3636319.7044     -44.6977     -49.5596      -4.2855
    358  1997    377007   31407  -3761050.6982   3636697.1435   3636319.1211     -44.5305     -50.2376      -4.3340
    359  1997    377008   31408  -3761051.9120   3636696.1033   3636319.5777     -42.9390     -49.9492      -3.9497
    360  1997    377009   31409  -3761051.9843   3636695.0722   3636320.8831     -42.1475     -48.4985      -3.7460
    361  1997    377010   31410  -3761052.2606   3636693.0942   3636322.7138     -40.5335     -46.3241      -3.6602
    362  1997    377011   31411  -3761052.2828   3636692.1983   3636323.6207     -39.8740     -45.2332      -3.6374
    363  1997    377012   31412  -3761053.1661   3636691.6728   3636323.7419     -38.8822     -45.2886      -3.3469
    364  1997    377013   31413  -3761053.4521   3636689.5525   3636325.6060     -37.1591     -43.0341      -3.3173
    365  1997    377014   31414  -3761054.1667   3636688.5042   3636326.3757     -35.9088     -42.2803      -3.0521
    366  1997    377015   31415  -3761054.0962   3636686.6170   3636328.0886     -34.6011     -40.0956      -3.1865
    367  1997    377016   31416  -3761054.9592   3636684.5990   3636329.2318     -32.5504     -38.7104      -3.1720
    368  1997    377017   31417  -3761055.6681   3636681.7897   3636331.6111     -30.0381     -35.9337      -2.9903
    369  1997    377018   31418  -3761056.1737   3636680.3472   3636332.6997     -28.6497     -34.6752      -2.8899
    370  1997    377019   31419  -3761056.8048   3636677.9622   3636334.3666     -26.4964     -32.6191      -2.9209
    371  1997    377020   31420  -3761056.9769   3636676.6511   3636335.5737     -25.4342     -31.1786      -2.8741
    372  1997    377021   31421  -3761057.4059   3636675.8468   3636336.2437     -24.5578     -30.4859      -2.6954
    373  1997    377022   31422  -3761058.5066   3636674.1839   3636337.0785     -22.5972     -29.5928      -2.5156
    374  1997    377023   31423  -3761058.7648   3636672.1900   3636338.7103     -20.9843     -27.5677      -2.5635
    375  1997    377024   31424  -3761059.0119   3636670.3108   3636340.6345     -19.4617     -25.3441      -2.3850
    376  1997    377025   31425  -3761059.4393   3636669.6327   3636340.8574     -18.6770     -25.0674      -2.3917
    377  1997    377026   31426  -3761059.9572   3636670.1049   3636340.0055     -18.6565     -26.1669      -2.3061
    378  1997    377027   31427  -3761060.0433   3636667.7379   3636342.2800     -16.8951     -23.3956      -2.2995
    379  1997    377028   31428  -3761060.4728   3636665.8979   3636343.7396     -15.2737     -21.6434      -2.2575
    380  1997    377029   31429  -3761061.0118   3636664.7819   3636344.4893     -14.0967     -20.8065      -2.1459
    381  1997    377030   31430  -3761061.5564   3636662.8702   3636345.9116     -12.3439     -19.1038      -2.0985
    382  1997    377031   31431  -3761062.3801   3636661.1454   3636347.1174     -10.5313     -17.7680      -1.9043
    383  1997    377032   31432  -3761062.4682   3636660.5416   3636347.5890     -10.0360     -17.1773      -1.9259
    384  1997    377033   31433  -3761063.1927   3636658.6547   3636349.0411      -8.1760     -15.5341      -1.7413
    385  1997    377034   31434  -3761063.6839   3636658.3400   3636349.0449      -7.6083     -15.6081      -1.6289
    386  1997    377035   31435  -3761064.7646   3636656.1214   3636350.5785      -5.2621     -13.9127      -1.3768
    387  1997    377036   31436  -3761064.7081   3636654.4059   3636352.3937      -4.0681     -11.7186      -1.3464
    388  1997    377037   31437  -3761064.7968   3636654.2262   3636352.8692      -3.8772     -11.2939      -1.1239
    389  1997    377038   31438  -3761065.4610   3636652.7330   3636353.9362      -2.3421     -10.0984      -0.9713
    390  1997    377039   31439  -3761065.9396   3636652.4153   3636353.8792      -1.7811     -10.2157      -0.9030
    391  1997    377040   31440  -3761066.3448   3636651.2122   3636354.8119      -0.6345      -9.1391      -0.8149
    392  1997    377041   31441  -3761067.0934   3636650.2488   3636355.0289       0.5785      -8.8859      -0.7982
    393  1997    377042   31442  -3761067.2661   3636648.1809   3636356.9310       2.1851      -6.5745      -0.7837
    394  1997    377043   31443  -3761067.4517   3636648.2092   3636356.9105       2.2938      -6.6791      -0.6700
    395  1997    377044   31444  -3761067.8281   3636646.5940   3636358.2247       3.7166      -5.1138      -0.6147
    396  1997    377045   31445  -3761068.0502   3636646.0842   3636358.5472       4.2375      -4.7379      -0.5894
    397  1997    377046   31446  -3761068.3254   3636645.2751   3636359.0430       5.0105      -4.1227      -0.6038
    398  1997    377047   31447  -3761068.4396   3636645.0828   3636359.3490       5.2281      -3.8424      -0.4707
    399  1997    377048   31448  -3761068.5181   3636643.8896   3636360.4832       6.1404      -2.4699      -0.4536
    400  1997    377049   31449  -3761068.7328   3636643.8181   3636360.3516       6.3411      -2.6377      -0.4433
    401  1997    377050   31450  -3761068.8422   3636643.0660   3636361.0748       6.9578      -1.7906      -0.3927
    402  1997    377051   31451  -3761069.1770   3636641.2415   3636362.5677       8.5021       0.0217      -0.3787
    403  1997    377052   31452  -3761069.7252   3636638.6241   3636364.9724      10.7649       2.8091      -0.1678
    404  1997    377053   31453  -3761070.0210   3636635.2182   3636368.2839      13.4190       6.7578      -0.0347
    405  1997    377054   31454  -3761070.4514   3636630.8337   3636372.8246      16.8702      12.0481       0.3250
    406  1997    377055   31455  -3761070.7411   3636628.2358   3636375.5011      18.9391      15.1569       0.5505
    407  1997    377056   31456  -3761071.5691   3636626.5154   3636376.8320      20.7515      16.5916       0.8214
    408  1997    377057   31457  -3761071.6106   3636626.3767   3636377.2409      20.8800      16.9649       1.0013
    409  1997    377058   31458  -3761071.6997   3636622.6535   3636381.4124      23.6186      21.8298       1.3249
    410  1997    377059   31459  -3761071.7244   3636618.3113   3636386.2562      26.7574      27.5188       1.6435
    411  1997    377060   31460  -3761071.6120   3636614.2646   3636391.2129      29.5883      33.2390       2.1144
    412  1997    377061   31461  -3761070.9919   3636608.4196   3636398.9233      33.3593      42.1413       2.8408
    413  1997    377062   31462  -3761070.3947   3636602.1433   3636407.2397      37.4562      51.7026       3.6824
