% 2017îN 1åé 19ì˙ 15éû 2ï™ 43.136000ïb é¿çs
%------------------------------------------------------------------------------------------------------------------------------
Observation File :  AndroidOBS.17o
Ephemeris_N File :  AndroidOBS.17n
Ephemeris_G File :  Nothing
IONEX       File :  Nothing
IGS SP3     File :  Nothing
START       TIME :  2017/ 1/19  4:53:48
END         TIME :  2017/ 1/19  4:58: 6
True Position[m] :  X = -3761063.4990,  Y = 3636647.5780,  Z = 3636362.7670

%------------------------------------------------------------------------------------------------------------------------------
% Epoch  WEEK      ToW     ToD        X[m]           Y[m]           Z[m]          East[m]     North[m]        Up[m] 
%------------------------------------------------------------------------------------------------------------------------------
      1  1932    363228   17628  -3761115.6655   3636668.6021   3636296.5273      21.1475     -84.1518       4.7239
      2  1932    363229   17629  -3761115.6037   3636668.5810   3636296.5035      21.1198     -84.1374       4.6619
      3  1932    363230   17630  -3761115.7006   3636668.5327   3636296.4251      21.2219     -84.2223       4.6465
      4  1932    363231   17631  -3761115.8880   3636668.5028   3636296.3761      21.3737     -84.3277       4.7117
      5  1932    363232   17632  -3761116.0431   3636668.3530   3636296.1102      21.5892     -84.5498       4.5653
      6  1932    363233   17633  -3761116.4410   3636667.9986   3636295.7239      22.1206     -84.8892       4.3764
      7  1932    363234   17634  -3761116.6970   3636667.7923   3636295.5931      22.4467     -85.0196       4.3347
      8  1932    363235   17635  -3761117.1869   3636667.6104   3636295.0738      22.9181     -85.5745       4.2219
      9  1932    363236   17636  -3761117.4668   3636667.6568   3636294.5421      23.0793     -86.1440       4.1084
     10  1932    363237   17637  -3761117.8989   3636667.5196   3636293.8287      23.4783     -86.8519       3.8758
     11  1932    363238   17638  -3761117.6351   3636667.8874   3636292.9507      23.0305     -87.6091       3.4265
     12  1932    363240   17640  -3761117.8100   3636668.3051   3636292.4027      22.8518     -88.2967       3.4531
     13  1932    363241   17641  -3761118.3222   3636668.7529   3636291.8907      22.8859     -89.1058       3.7164
     14  1932    363242   17642  -3761120.0463   3636669.0799   3636291.3070      23.8493     -90.4249       4.5835
     15  1932    363243   17643  -3761120.8106   3636669.2363   3636290.2379      24.2681     -91.6782       4.5098
     16  1932    363243   17643  -3761121.4180   3636669.3875   3636289.3248      24.5816     -92.7370       4.4302
     17  1932    363245   17645  -3761121.6857   3636669.5413   3636287.5143      24.6571     -94.3920       3.6375
     18  1932    363246   17646  -3761121.7247   3636669.8064   3636286.8598      24.4937     -95.0499       3.4361
     19  1932    363247   17647  -3761122.2312   3636669.7375   3636284.3610      24.8953     -97.2786       2.2627
     20  1932    363248   17648  -3761121.8401   3636671.1630   3636282.7199      23.5987     -99.0300       1.9033
     21  1932    363248   17648  -3761121.4779   3636672.4514   3636281.3416      22.4206    -100.5235       1.6335
     22  1932    363250   17650  -3761121.8357   3636672.5692   3636279.7059      22.5846    -102.0582       0.9735
     23  1932    363251   17651  -3761121.8216   3636672.7775   3636279.2791      22.4251    -102.4851       0.8392
     24  1932    363252   17652  -3761122.5981   3636673.0832   3636277.2726      22.7451    -104.5708       0.3203
     25  1932    363253   17653  -3761123.5919   3636673.3475   3636276.1123      23.2459    -106.0364       0.3909
     26  1932    363254   17654  -3761123.7332   3636673.5898   3636275.3514      23.1700    -106.8147       0.1759
     27  1932    363255   17655  -3761124.5801   3636673.9458   3636274.0085      23.5027    -108.4059       0.1076
     28  1932    363256   17656  -3761125.3722   3636673.7217   3636272.8807      24.2144    -109.5671      -0.2001
     29  1932    363257   17657  -3761126.1434   3636673.9978   3636271.9062      24.5520    -110.7935      -0.1473
     30  1932    363258   17658  -3761126.2708   3636674.4178   3636270.5832      24.3387    -112.0973      -0.5915
     31  1932    363259   17659  -3761126.9539   3636674.9224   3636269.3657      24.4507    -113.5775      -0.5998
     32  1932    363260   17660  -3761127.5665   3636675.4137   3636267.7128      24.5233    -115.3801      -0.9068
     33  1932    363261   17661  -3761128.6086   3636676.5135   3636266.7372      24.4571    -117.0472      -0.2260
     34  1932    363262   17662  -3761130.1219   3636677.0465   3636265.3324      25.1258    -119.0343       0.1635
     35  1932    363263   17663  -3761130.9884   3636677.5009   3636264.1672      25.4015    -120.5272       0.2647
     36  1932    363264   17664  -3761132.0917   3636678.4250   3636262.2112      25.5041    -122.9529       0.3194
     37  1932    363265   17665  -3761132.4409   3636678.0814   3636260.8513      25.9939    -124.0741      -0.4503
     38  1932    363266   17666  -3761132.9652   3636678.5082   3636259.3594      26.0514    -125.6826      -0.7538
     39  1932    363267   17667  -3761133.2607   3636678.6886   3636257.2663      26.1272    -127.5913      -1.6769
     40  1932    363268   17668  -3761133.2657   3636678.7477   3636255.1862      26.0881    -129.3211      -2.8329
     41  1932    363269   17669  -3761133.5368   3636678.4437   3636252.6253      26.4951    -131.4099      -4.3146
     42  1932    363270   17670  -3761133.1003   3636678.8557   3636251.4795      25.8956    -132.3330      -4.9939
     43  1932    363271   17671  -3761133.6012   3636678.8353   3636249.1188      26.2583    -134.4655      -6.0640
     44  1932    363272   17672  -3761133.1426   3636678.8052   3636247.5750      25.9613    -135.5294      -7.2363
     45  1932    363273   17673  -3761133.6225   3636679.0120   3636246.3331      26.1461    -136.8271      -7.5479
     46  1932    363273   17673  -3761134.0399   3636679.2045   3636245.2470      26.2979    -137.9658      -7.8151
     47  1932    363275   17675  -3761133.8935   3636681.8568   3636245.1380      24.2894    -139.0518      -6.4532
     48  1932    363276   17676  -3761133.9512   3636681.3731   3636244.0039      24.6773    -139.8120      -7.3450
     49  1932    363277   17677  -3761133.8401   3636681.9127   3636243.3936      24.2122    -140.4813      -7.4530
     50  1932    363277   17677  -3761133.7230   3636682.3153   3636243.1197      23.8413    -140.8179      -7.4497
     51  1932    363279   17679  -3761134.7655   3636683.8463   3636241.8673      23.4653    -142.8838      -6.6817
     52  1932    363280   17680  -3761135.6247   3636684.1852   3636240.8385      23.8189    -144.2159      -6.5724
     53  1932    363280   17680  -3761136.2765   3636684.6324   3636239.9649      23.9505    -145.3786      -6.4347
     54  1932    363282   17682  -3761136.3252   3636683.9119   3636237.8802      24.5023    -146.8195      -8.0116
     55  1932    363282   17682  -3761136.1395   3636683.2974   3636236.2123      24.8150    -147.8646      -9.4272
     56  1932    363284   17684  -3761136.9794   3636682.9312   3636234.6426      25.6621    -149.3510     -10.0409
     57  1932    363284   17684  -3761137.6096   3636682.5972   3636233.4109      26.3403    -150.4868     -10.5661
     58  1932    363286   17686  -3761138.5178   3636682.5674   3636231.1727      26.9929    -152.6830     -11.3314
     59  1932    363287   17687  -3761139.7252   3636683.2234   3636229.4653      27.3607    -154.8410     -11.2255
     60  1932    363288   17688  -3761140.7881   3636683.3635   3636227.6306      27.9988    -156.8382     -11.5716
     61  1932    363289   17689  -3761141.7664   3636682.8896   3636224.9283      29.0196    -159.2666     -12.8144
     62  1932    363290   17690  -3761142.0329   3636686.2079   3636222.9460      26.8193    -162.3231     -11.9041
     63  1932    363291   17691  -3761141.6479   3636686.6246   3636219.2611      26.2521    -165.3496     -14.0063
     64  1932    363292   17692  -3761141.7054   3636687.1247   3636217.8078      25.9325    -166.7633     -14.5207
     65  1932    363293   17693  -3761142.3794   3636688.8922   3636217.3216      25.1304    -168.1439     -13.3958
     66  1932    363294   17694  -3761142.5764   3636689.9496   3636215.4632      24.5072    -170.1691     -13.7431
     67  1932    363295   17695  -3761143.8674   3636689.9939   3636213.9300      25.3727    -171.9750     -13.8364
     68  1932    363296   17696  -3761145.4456   3636690.6204   3636213.3379      26.0193    -173.3604     -12.8895
     69  1932    363297   17697  -3761146.2907   3636691.0735   3636212.5810      26.2811    -174.5093     -12.5676
     70  1932    363298   17698  -3761146.9849   3636691.3407   3636211.5712      26.5715    -175.7293     -12.5855
     71  1932    363299   17699  -3761148.0698   3636694.1659   3636211.2209      25.2946    -177.5894     -10.5383
     72  1932    363300   17700  -3761148.8457   3636695.0764   3636210.6321      25.1794    -178.7545      -9.9002
     73  1932    363301   17701  -3761150.2293   3636695.0126   3636208.8776      26.1870    -180.7368     -10.1275
     74  1932    363302   17702  -3761150.3886   3636695.2934   3636208.4559      26.0959    -181.2599     -10.1155
     75  1932    363303   17703  -3761150.5315   3636696.6271   3636207.0074      25.2365    -183.0371     -10.1022
     76  1932    363304   17704  -3761151.3436   3636698.0028   3636206.3795      24.8120    -184.4346      -9.2005
     77  1932    363305   17705  -3761150.8534   3636699.0102   3636205.5198      23.7470    -185.3383      -9.4083
     78  1932    363305   17705  -3761152.0969   3636700.1527   3636204.8239      23.7901    -186.8763      -8.4241
     79  1932    363306   17706  -3761152.7857   3636700.4182   3636203.9893      24.0780    -187.9499      -8.3457
     80  1932    363308   17708  -3761153.2106   3636701.6041   3636202.8726      23.5208    -189.5125      -8.0603
     81  1932    363309   17709  -3761153.0287   3636702.7138   3636202.4490      22.5966    -190.2270      -7.7782
     82  1932    363310   17710  -3761152.7668   3636704.0941   3636201.7508      21.4223    -191.2411      -7.5466
     83  1932    363311   17711  -3761153.2383   3636704.7893   3636201.6344      21.2502    -191.8079      -6.9398
     84  1932    363312   17712  -3761152.8142   3636705.8313   3636200.5056      20.2063    -192.9732      -7.2433
     85  1932    363313   17713  -3761152.2644   3636708.3798   3636199.3989      17.9920    -194.6690      -6.7501
     86  1932    363314   17714  -3761152.1916   3636709.6160   3636198.9235      17.0527    -195.5211      -6.3615
     87  1932    363315   17715  -3761151.5918   3636710.7857   3636197.4569      15.7949    -196.9417      -6.8895
     88  1932    363315   17715  -3761151.0272   3636711.8254   3636196.1367      14.6550    -198.2050      -7.3868
     89  1932    363317   17717  -3761150.3437   3636713.1835   3636195.4084      13.2035    -199.0613      -7.4335
     90  1932    363318   17718  -3761150.0469   3636716.3245   3636194.9787      10.7392    -200.5428      -6.0657
     91  1932    363319   17719  -3761149.2066   3636718.3114   3636194.5973       8.7267    -201.3008      -5.6478
     92  1932    363319   17719  -3761148.5309   3636720.0965   3636194.2432       6.9737    -202.0238      -5.2321
     93  1932    363321   17721  -3761147.3221   3636721.4790   3636194.5603       5.1396    -201.8167      -4.9750
     94  1932    363321   17721  -3761146.3403   3636722.5929   3636194.8076       3.6563    -201.6534      -4.7771
     95  1932    363322   17722  -3761145.5414   3636724.2021   3636194.6146       1.9441    -202.1235      -4.4418
     96  1932    363323   17723  -3761144.5327   3636726.1649   3636194.5194      -0.1681    -202.5681      -3.9726
     97  1932    363324   17724  -3761143.3213   3636727.6211   3636194.4300      -2.0569    -202.7223      -3.9081
     98  1932    363325   17725  -3761142.5803   3636728.9424   3636194.5059      -3.5220    -202.8813      -3.5485
     99  1932    363326   17726  -3761142.1587   3636729.7761   3636194.5239      -4.4144    -203.0250      -3.3118
    100  1932    363327   17727  -3761141.1997   3636731.4808   3636194.6134      -6.3065    -203.2358      -2.8543
    101  1932    363329   17729  -3761139.9130   3636733.7630   3636194.7451      -8.8416    -203.5071      -2.2370
    102  1932    363329   17729  -3761140.1842   3636735.5641   3636193.0951      -9.9478    -205.6885      -1.9974
    103  1932    363330   17730  -3761139.4649   3636737.0511   3636193.5634     -11.5169    -205.6010      -1.3058
    104  1932    363332   17732  -3761139.4027   3636737.8184   3636193.6652     -12.1117    -205.7978      -0.8470
    105  1932    363333   17733  -3761138.3514   3636738.4881   3636193.5696     -13.3239    -205.7096      -1.1396
    106  1932    363334   17734  -3761137.5800   3636740.3713   3636194.2657     -15.2139    -205.5719      -0.1224
    107  1932    363335   17735  -3761136.6194   3636741.1531   3636194.2938     -16.4437    -205.4645      -0.2268
    108  1932    363336   17736  -3761135.5706   3636742.2598   3636194.3879     -17.9683    -205.3962      -0.1603
    109  1932    363337   17737  -3761134.5881   3636743.2324   3636194.6328     -19.3505    -205.1782      -0.0447
    110  1932    363338   17738  -3761134.0740   3636745.2284   3636195.4615     -21.1428    -205.0828       1.2644
    111  1932    363339   17739  -3761132.6225   3636746.9575   3636195.8978     -23.3948    -204.8161       1.6444
    112  1932    363340   17740  -3761131.4732   3636747.3922   3636195.8633     -24.5063    -204.5439       1.1952
    113  1932    363341   17741  -3761130.2182   3636748.2180   3636195.9324     -25.9722    -204.2992       0.9659
    114  1932    363341   17741  -3761129.4265   3636749.5847   3636196.3531     -27.5051    -204.1729       1.5192
    115  1932    363342   17742  -3761128.2799   3636751.1705   3636196.6728     -29.4421    -204.0703       1.9302
    116  1932    363343   17743  -3761127.0653   3636752.6138   3636196.9117     -31.3240    -203.9492       2.1738
    117  1932    363344   17744  -3761126.2131   3636753.7068   3636197.0013     -32.7021    -203.9600       2.3457
    118  1932    363345   17745  -3761124.7072   3636755.8056   3636197.3055     -35.2578    -203.9266       2.8284
    119  1932    363347   17747  -3761123.3676   3636757.0218   3636197.4443     -37.0632    -203.7455       2.8117
    120  1932    363348   17748  -3761121.6842   3636758.5078   3636199.5537     -39.3016    -201.9155       3.8758
    121  1932    363349   17749  -3761120.3101   3636759.7152   3636200.2264     -41.1248    -201.2792       4.1397
    122  1932    363350   17750  -3761118.5737   3636761.1117   3636201.4379     -43.3357    -200.1275       4.6069
    123  1932    363351   17751  -3761117.0633   3636764.2790   3636202.7051     -46.6627    -199.7289       6.2477
    124  1932    363351   17751  -3761115.6333   3636765.4353   3636203.6187     -48.4879    -198.8518       6.5877
    125  1932    363352   17752  -3761114.0827   3636766.9698   3636204.0121     -50.6689    -198.5019       6.7739
    126  1932    363353   17753  -3761113.3727   3636767.4957   3636204.0019     -51.5405    -198.4273       6.6493
    127  1932    363354   17754  -3761112.3008   3636768.3249   3636203.8021     -52.8817    -198.4796       6.3757
    128  1932    363355   17755  -3761111.0546   3636769.4731   3636203.5992     -54.5734    -198.5898       6.1793
    129  1932    363356   17756  -3761109.8569   3636770.6663   3636203.4549     -56.2638    -198.6899       6.0707
    130  1932    363357   17757  -3761108.8579   3636771.6678   3636203.4728     -57.6781    -198.6626       6.0629
    131  1932    363358   17758  -3761107.9283   3636772.4093   3636203.3334     -58.8574    -198.6892       5.8577
    132  1932    363359   17759  -3761106.8860   3636773.8492   3636203.5155     -60.6170    -198.6842       6.1683
    133  1932    363360   17760  -3761105.4408   3636775.2072   3636203.5412     -62.5979    -198.6087       6.1051
    134  1932    363361   17761  -3761104.1584   3636776.4490   3636203.5524     -64.3820    -198.5659       6.0635
    135  1932    363362   17762  -3761103.0270   3636777.3393   3636203.4456     -65.8085    -198.5418       5.8428
    136  1932    363363   17763  -3761097.7176   3636777.8712   3636219.0380     -69.8815    -183.7902      11.9579
    137  1932    363364   17764  -3761093.8664   3636778.1009   3636228.9591     -72.7237    -174.1658      15.5083
    138  1932    363365   17765  -3761091.6579   3636779.3822   3636232.1238     -75.1800    -171.1732      16.7516
    139  1932    363366   17766  -3761090.2563   3636780.2872   3636230.9020     -76.8049    -171.9573      15.7410
    140  1932    363367   17767  -3761089.3569   3636780.5998   3636230.2179     -77.6548    -172.2717      14.9971
    141  1932    363368   17768  -3761086.6887   3636781.8130   3636233.5598     -80.3817    -168.9173      16.0325
    142  1932    363369   17769  -3761085.2737   3636783.0967   3636232.1707     -82.2880    -169.9838      15.1336
    143  1932    363370   17770  -3761083.8520   3636784.1157   3636231.2274     -84.0089    -170.5768      14.3358
    144  1932    363371   17771  -3761082.8961   3636786.4791   3636228.7769     -86.3724    -173.1325      13.7138
    145  1932    363372   17772  -3761081.9985   3636787.1008   3636226.5353     -87.4433    -174.8468      12.2541
    146  1932    363373   17773  -3761081.0436   3636788.1990   3636224.7895     -88.8965    -176.3214      11.3161
    147  1932    363374   17774  -3761080.1736   3636789.2563   3636224.1244     -90.2613    -176.9290      11.0246
    148  1932    363375   17775  -3761080.0457   3636789.6082   3636224.3457     -90.6033    -176.8353      11.2765
    149  1932    363376   17776  -3761079.2748   3636790.4113   3636223.6068     -91.7165    -177.4431      10.8562
    150  1932    363377   17777  -3761079.0834   3636790.6295   3636223.7098     -92.0064    -177.3667      10.9268
    151  1932    363378   17778  -3761078.3682   3636790.8360   3636223.2499     -92.6520    -177.5310      10.3595
    152  1932    363379   17779  -3761078.0229   3636790.8529   3636223.1251     -92.9042    -177.4977      10.0941
    153  1932    363380   17780  -3761077.8925   3636791.1492   3636224.3811     -93.2077    -176.5329      10.9062
    154  1932    363381   17781  -3761077.0634   3636792.1552   3636224.1645     -94.5073    -176.7696      10.8667
    155  1932    363382   17782  -3761076.2966   3636792.7517   3636224.6048     -95.4692    -176.3305      11.0071
    156  1932    363383   17783  -3761076.2272   3636793.5927   3636226.1991     -96.1220    -175.3308      12.3593
    157  1932    363384   17784  -3761075.0428   3636794.7175   3636226.2654     -97.7539    -175.2367      12.3403
    158  1932    363385   17785  -3761074.0868   3636795.3064   3636226.9580     -98.8418    -174.5098      12.5096
    159  1932    363386   17786  -3761073.1149   3636796.2347   3636227.5051    -100.1848    -174.0309      12.7796
    160  1932    363387   17787  -3761071.9923   3636796.9735   3636228.0863    -101.4962    -173.3865      12.8723
    161  1932    363388   17788  -3761070.9939   3636797.4881   3636229.6061    -102.5601    -171.9349      13.4486
    162  1932    363390   17790  -3761069.9061   3636798.3769   3636230.4299    -103.9552    -171.1658      13.7864
    163  1932    363391   17791  -3761067.6688   3636798.8583   3636233.0963    -105.8565    -168.2508      14.2715
    164  1932    363392   17792  -3761065.8295   3636798.7218   3636233.4941    -107.0369    -167.1124      13.3384
    165  1932    363392   17792  -3761064.2370   3636798.5078   3636233.7500    -107.9900    -166.1611      12.4253
    166  1932    363394   17794  -3761062.9964   3636799.3992   3636235.2542    -109.4932    -164.7726      13.0646
    167  1932    363395   17795  -3761061.4687   3636798.8489   3636237.6703    -110.1595    -161.9440      13.2366
    168  1932    363395   17795  -3761060.2223   3636798.3299   3636239.4852    -110.6528    -159.7364      13.2473
    169  1932    363397   17797  -3761058.2923   3636798.5297   3636240.9553    -112.1381    -157.8162      13.0672
    170  1932    363398   17798  -3761056.4243   3636799.2122   3636243.8844    -113.9272    -154.9183      14.0350
    171  1932    363398   17798  -3761055.9869   3636799.0216   3636247.5827    -114.0942    -151.6319      15.7890
    172  1932    363400   17800  -3761054.5215   3636799.3813   3636248.9437    -115.3714    -150.0562      15.9111
    173  1932    363401   17801  -3761054.8415   3636798.9687   3636250.4899    -114.8523    -148.7568      16.7510
    174  1932    363402   17802  -3761054.5582   3636799.1221   3636249.8942    -115.1595    -149.1892      16.3301
    175  1932    363403   17803  -3761054.1230   3636799.5177   3636250.7774    -115.7464    -148.4439      16.8054
    176  1932    363404   17804  -3761054.8769   3636799.9190   3636251.1699    -115.5109    -148.5930      17.7030
    177  1932    363405   17805  -3761055.3330   3636799.7724   3636251.4583    -115.0885    -148.4862      18.0535
    178  1932    363406   17806  -3761055.5052   3636800.1468   3636253.4890    -115.2379    -147.0426      19.5324
    179  1932    363407   17807  -3761055.3054   3636800.9005   3636254.4495    -115.9187    -146.4736      20.3946
    180  1932    363408   17808  -3761054.8267   3636801.6736   3636255.6496    -116.8072    -145.6011      21.2410
    181  1932    363409   17809  -3761056.0733   3636803.0385   3636256.4071    -116.9219    -146.0383      23.1870
    182  1932    363409   17809  -3761057.1516   3636804.2419   3636257.0664    -117.0374    -146.4221      24.8854
    183  1932    363411   17811  -3761057.5268   3636804.3595   3636257.9454    -116.8612    -145.9034      25.6774
    184  1932    363412   17812  -3761058.5064   3636802.8770   3636260.5881    -115.1145    -143.5512      26.9252
    185  1932    363413   17813  -3761058.8179   3636802.4563   3636263.1264    -114.5955    -141.4322      28.3243
    186  1932    363414   17814  -3761060.5721   3636801.8274   3636264.0005    -112.9241    -141.1884      29.5005
    187  1932    363415   17815  -3761061.5959   3636802.6199   3636266.0238    -112.7821    -140.2685      31.7149
    188  1932    363416   17816  -3761062.6054   3636801.2324   3636268.7393    -111.0829    -137.9066      33.0761
    189  1932    363416   17816  -3761063.0125   3636800.4189   3636270.0195    -110.2151    -136.7013      33.5866
    190  1932    363417   17817  -3761062.1582   3636799.5949   3636271.8968    -110.2166    -134.4827      33.6904
    191  1932    363418   17818  -3761061.7732   3636799.0776   3636273.4036    -110.1123    -132.8834      34.0329
    192  1932    363419   17819  -3761061.6825   3636798.8475   3636274.7886    -110.0099    -131.6194      34.6424
    193  1932    363420   17820  -3761060.6980   3636798.0452   3636276.0356    -110.1175    -129.8722      34.3206
    194  1932    363421   17821  -3761059.7197   3636797.3755   3636277.0064    -110.3161    -128.4067      33.9194
    195  1932    363422   17822  -3761059.5586   3636796.3935   3636278.1031    -109.7221    -127.0505      33.8941
    196  1932    363423   17823  -3761059.3276   3636795.3556   3636278.6190    -109.1365    -126.1189      33.4628
    197  1932    363425   17825  -3761059.4866   3636794.0971   3636279.9997    -108.1213    -124.5516      33.6312
    198  1932    363426   17826  -3761059.6650   3636793.0413   3636282.3196    -107.2383    -122.3036      34.4650
    199  1932    363427   17827  -3761060.0509   3636792.1541   3636283.4391    -106.3322    -121.1918      34.8288
    200  1932    363427   17827  -3761060.4741   3636791.3793   3636284.2689    -105.4810    -120.3776      35.1126
    201  1932    363429   17829  -3761060.4478   3636790.2366   3636285.4360    -104.6779    -118.9552      35.1154
    202  1932    363430   17830  -3761060.5494   3636789.6859   3636285.0322    -104.2113    -119.1084      34.6301
    203  1932    363430   17830  -3761060.6062   3636789.1950   3636284.6208    -103.8189    -119.2732      34.1482
    204  1932    363432   17832  -3761060.1105   3636789.0683   3636285.1101    -104.0724    -118.6176      34.0646
    205  1932    363433   17833  -3761060.1221   3636788.1494   3636285.7189    -103.4038    -117.7573      33.8971
    206  1932    363434   17834  -3761059.9221   3636787.3948   3636286.3283    -103.0003    -116.8749      33.6989
    207  1932    363435   17835  -3761059.1533   3636787.2323   3636286.3602    -103.4178    -116.4671      33.1718
    208  1932    363435   17835  -3761058.4633   3636787.0915   3636286.3316    -103.7963    -116.1500      32.6687
    209  1932    363436   17836  -3761058.1481   3636786.5783   3636286.4368    -103.6465    -115.7294      32.2511
    210  1932    363437   17837  -3761058.3196   3636786.0989   3636285.5069    -103.1826    -116.3709      31.5460
    211  1932    363438   17838  -3761059.1193   3636783.7092   3636285.6811    -100.9087    -115.6054      30.7560
    212  1932    363439   17839  -3761059.4088   3636782.7293   3636285.4017    -100.0031    -115.5632      30.2082
    213  1932    363440   17840  -3761060.0201   3636781.4717   3636285.2617     -98.6741    -115.4286      29.7718
    214  1932    363441   17841  -3761060.7241   3636779.9014   3636285.4418     -97.0558    -114.9454      29.3953
    215  1932    363442   17842  -3761061.0051   3636778.8193   3636285.4656     -96.0826    -114.6105      28.9582
    216  1932    363443   17843  -3761061.4084   3636777.8400   3636285.5068     -95.0982    -114.3527      28.6616
    217  1932    363444   17844  -3761061.6709   3636777.2918   3636285.5089     -94.5216    -114.2407      28.5052
    218  1932    363445   17845  -3761062.1824   3636776.0623   3636285.8518     -93.2822    -113.6806      28.3029
    219  1932    363446   17846  -3761062.5014   3636775.1638   3636285.9457     -92.4146    -113.3770      28.0329
    220  1932    363447   17847  -3761063.0487   3636774.3207   3636286.1927     -91.4280    -113.0642      28.0167
    221  1932    363448   17848  -3761063.6663   3636773.4961   3636286.3946     -90.4059    -112.8248      28.0266
    222  1932    363449   17849  -3761064.0976   3636772.6490   3636286.5282     -89.4971    -112.5555      27.8747
    223  1932    363450   17850  -3761064.4966   3636771.8110   3636286.6960     -88.6173    -112.2485      27.7287
    224  1932    363451   17851  -3761064.8707   3636770.9775   3636286.8910     -87.7581    -111.9107      27.5861
    225  1932    363452   17852  -3761065.1323   3636770.1623   3636287.1794     -86.9902    -111.4574      27.4413
    226  1932    363453   17853  -3761065.4775   3636769.3384   3636287.4057     -86.1579    -111.0858      27.3052
    227  1932    363454   17854  -3761065.9018   3636768.5170   3636287.5671     -85.2725    -110.8012      27.1798
    228  1932    363455   17855  -3761066.2680   3636767.7487   3636287.7709     -84.4656    -110.4790      27.0748
    229  1932    363456   17856  -3761066.4634   3636767.1406   3636287.8667     -83.8926    -110.2386      26.8984
    230  1932    363457   17857  -3761066.8128   3636765.8693   3636288.4571     -82.7359    -109.3923      26.7187
    231  1932    363458   17858  -3761068.1847   3636764.8471   3636288.5358     -81.0473    -109.4859      26.9897
    232  1932    363459   17859  -3761070.3099   3636764.2254   3636289.6524     -79.1231    -109.1992      28.5275
    233  1932    363460   17860  -3761072.3233   3636763.3559   3636291.3441     -77.0985    -108.2964      30.1881
    234  1932    363461   17861  -3761074.2948   3636761.7561   3636293.2793     -74.5780    -106.8859      31.5478
    235  1932    363462   17862  -3761074.2616   3636761.0801   3636294.2956     -74.1151    -105.7701      31.7259
    236  1932    363463   17863  -3761074.1113   3636760.3945   3636295.2891     -73.7267    -104.6209      31.8165
    237  1932    363464   17864  -3761073.9991   3636759.6359   3636296.4416     -73.2593    -103.3281      31.9791
    238  1932    363465   17865  -3761073.8589   3636758.8677   3636297.6441     -72.8045    -101.9789      32.1484
    239  1932    363466   17866  -3761073.7176   3636758.0154   3636298.6206     -72.2900    -100.7808      32.1396
    240  1932    363467   17867  -3761073.5802   3636757.0879   3636299.6703     -71.7188     -99.4946      32.1323
    241  1932    363468   17868  -3761073.4345   3636756.2253   3636300.7110     -71.1999     -98.2381      32.1519
    242  1932    363469   17869  -3761073.4069   3636755.1565   3636301.9034     -70.4508     -96.8238      32.2105
    243  1932    363470   17870  -3761073.4926   3636753.9045   3636302.8574     -69.4911     -95.5786      32.0949
    244  1932    363471   17871  -3761073.4992   3636752.6338   3636303.9877     -68.5731     -94.1488      32.0231
    245  1932    363472   17872  -3761073.5630   3636751.2646   3636304.9868     -67.5443     -92.8108      31.8537
    246  1932    363473   17873  -3761073.5868   3636749.9472   3636306.1087     -66.5808     -91.3764      31.7606
    247  1932    363474   17874  -3761073.7931   3636748.4434   3636307.4054     -65.3563     -89.7997      31.7691
    248  1932    363475   17875  -3761074.1637   3636746.8117   3636308.2763     -63.9256     -88.5886      31.5574
    249  1932    363476   17876  -3761074.3698   3636745.1019   3636309.6090     -62.5532     -86.9002      31.4691
    250  1932    363477   17877  -3761076.1794   3636742.6939   3636312.3372     -59.5642     -84.4511      32.7277
    251  1932    363478   17878  -3761077.6994   3636740.1488   3636315.6945     -56.6780     -81.3126      34.0983
    252  1932    363479   17879  -3761079.7291   3636737.1575   3636318.4458     -53.1167     -78.7028      35.1675
    253  1932    363480   17880  -3761079.6990   3636735.3955   3636319.7365     -51.8709     -76.9307      34.8863
    254  1932    363481   17881  -3761079.9236   3636733.9591   3636320.2666     -50.6821     -76.0165      34.5045
    255  1932    363483   17883  -3761079.9554   3636732.7105   3636320.9404     -49.7624     -74.9800      34.1983
    256  1932    363484   17884  -3761080.0088   3636730.7015   3636322.0951     -48.2810     -73.2552      33.7476
    257  1932    363485   17885  -3761080.3829   3636728.1276   3636322.4760     -46.1707     -72.0716      32.7205
    258  1932    363486   17886  -3761080.9313   3636725.8267   3636323.2527     -44.1353     -70.7443      32.1783
